1000
7652
32431
27795
4557
13923
10495
6269
31421
28095
935
153
27504
27861
11801
14432
5128
9100
6072
29817
3611
24177
20202
28034
17511
24479
18030
24588
705
32482
1264
19943
16975
5404
29402
25761
1527
14055
14958
11593
23319
635
28178
27000
21111
1235
26858
16787
1404
31243
7596
10314
31646
27917
18352
5988
1051
31340
12871
2495
22509
14992
2638
22162
6138
5908
28163
20982
31628
3948
12055
22181
17152
12491
31492
7425
17090
17731
23968
856
6777
32303
20978
11110
27774
7630
21829
4379
10643
25648
12412
32415
17618
17238
27557
404
25571
7829
8145
17819
24434
6459
6946
30745
10208
14453
2853
6459
25145
23664
8546
24119
20839
21695
26162
2261
24485
5117
11729
22575
23606
18099
25524
30388
16726
20859
8221
2419
5745
31334
15340
17559
17043
16796
22200
10541
25376
11586
798
20526
31429
3233
3417
26297
3246
30340
4115
16288
30713
1761
19323
7718
10091
8124
29336
7687
26978
12617
25309
23737
1035
19793
31229
18418
22997
2518
32257
13674
12838
30458
19351
10210
31308
11293
16045
25957
4790
12358
2366
17102
31844
16836
27756
18570
31388
16661
2000
5279
31967
17158
13070
7661
25883
3612
5548
15540
32290
1843
28964
7255
13915
20837
20791
31328
29367
9517
5765
22211
3559
8908
3931
31079
22477
9196
4812
28898
10544
20612
20995
28293
24499
31483
21463
9112
22024
1936
20128
998
11361
25337
21577
4477
29991
19530
1191
5551
6639
30233
14857
27484
3242
17120
25617
15988
6427
8354
1218
25783
27279
18386
985
13247
6600
24944
19553
30785
22330
22645
26754
29328
1402
23153
3994
31842
22515
19315
23183
15319
18907
12585
4707
1975
357
22856
19720
24827
29496
16174
19574
9616
23073
29895
21500
24663
22276
4781
26579
23152
19737
29587
11001
20920
20052
16099
20284
30864
11301
1702
19349
8929
98
31909
19640
17501
17026
717
5097
9223
15627
6872
14353
26869
30541
31018
32017
25684
26449
16121
13654
15534
13
8113
25006
24168
28633
30103
858
21903
8999
2476
21604
29908
24430
4820
23091
28116
2663
12343
1628
16029
29052
25320
22971
6254
9598
19141
15811
9151
16022
10910
2066
17793
7294
30617
23624
18855
30448
30676
24602
5861
21087
13389
30114
20408
11494
16895
28665
1190
30590
9806
30216
23495
12147
23205
1947
20868
11289
13150
22711
30367
29883
11746
30510
20340
13012
27153
28272
14462
5249
21220
23972
29724
13111
14928
13304
17813
21169
27758
1845
15706
3117
32218
14486
6796
14808
22873
23514
26046
13959
20670
5272
10492
17831
13582
24019
26892
14199
14818
28622
17395
7541
10253
14369
22716
8981
9087
6157
23668
24249
2153
23821
121
11998
9122
10157
3573
30611
19018
13471
23205
21552
5293
15372
31455
4420
16489
23336
21715
719
32212
15369
30993
2738
11416
28601
25675
25443
19360
11914
3676
741
8248
29353
27274
10744
22639
8438
15624
29581
11456
13331
27071
30844
17650
7611
8271
23417
25661
21078
2384
20805
8366
13002
22749
31009
10701
18579
27219
6536
25212
2070
18774
5405
21026
3378
19477
11235
12553
1561
8911
23724
5125
16478
151
31444
31575
3151
16724
19502
18640
27268
12555
17215
24890
14264
22625
10666
31987
19160
29275
20204
27611
14682
28521
3913
20592
13776
10659
18182
5688
15549
11858
1497
10080
935
16562
5790
9634
24173
31222
12107
10860
3803
10893
23846
21054
12924
24740
310
5971
17071
14316
28919
16261
23293
22173
3922
24939
14762
15291
29131
17604
11914
17048
26109
8728
27670
32666
27459
1436
28351
23102
29881
22871
28291
2141
1891
23171
3773
20142
2219
32310
16449
10893
20753
2369
2472
18682
22302
24408
10729
28389
1689
19828
18730
13993
6142
21366
11221
18134
31788
12557
7149
26163
12382
14809
31907
4355
3676
13521
15396
29576
27891
19170
6070
28102
9378
18648
26115
1161
19606
14466
23476
25513
17369
5393
32322
21901
23238
7874
14601
21486
12480
4541
18591
5597
6691
17468
28771
16136
8827
28655
11865
5177
32500
10912
24885
22815
1298
21011
5301
15185
31138
28464
26676
28304
19441
21603
17277
24140
4411
31556
19933
6250
21606
25971
23420
21829
3568
1222
17644
16627
22567
28327
23811
27081
13208
24247
30950
30753
28617
19640
15975
4954
3115
6569
11409
6177
9546
6194
4736
1007
16967
29763
26743
14803
5768
15865
16172
1138
2990
7105
14694
31052
10183
26559
17354
8513
9157
15473
32498
2643
17968
13455
4032
9901
22039
25142
18930
7397
14924
16710
26870
28030
6353
10505
19199
4529
2701
277
25176
30572
14147
15731
20729
32412
28101
26112
25176
23464
3173
11540
22401
829
19885
22882
14697
849
19792
1823
9599
28002
22879
1127
18565
13823
25536
19676
31646
11658
10205
26768
14248
30268
22681
12837
21195
7017
27272
18482
15442
11782
20063
11753
10938
2664
12201
24311
28681
11086
3004
23212
26722
11810
13548
27228
14037
27772
5630
9989
17531
20200
18912
561
13763
15593
23447
22046
18951
20030
17016
16669
22883
8547
28315
20536
25798
31579
31117
15639
27721
5293
20293
17189
32704
14253
25433
20462
15759
5116
18034
4811
13248
27474
12286
12226
22354
31611
20516
6568
1491
18848
32253
22408
17713
13000
5633
14665
13773
26014
7359
16266
27345
10613
31186
15057
7364
5769
24336
26085
27227
9096
12292
32632
7058
11345
32159
9993
6908
22011
27178
265
6487
29721
2431
26173
3940
21308
4473
8803
4598
3258
28329
1560
11336
18350
4426
20473
13459
2880
1655
12553
20192
1575
12700
28755
4635
28524
14891
29136
874
25712
400
9354
23485
26672
13670
7170
19365
26568
20971
22735
12649
26678
10417
1161
30039
16737
16279
9445
88
2650
7160
2593
199
6881
20002
31907
29059
17963
20746
28125
5955
13026
4670
12403
26666
29806
13850
31648
4508
18803
27711
15830
4175
9114
26689
676
3749
23701
21152
28637
32057
15453
17914
7671
6583
13502
11390
20401
22514
30230
4516
19704
24880
16730
15387
25868
7624
7001
9219
23519
31984
17733
6493
18110
28368
7791
11968
7218
17627
21330
15437
31529
27742
32211
3813
27985
14169
6855
6041
10437
10127
30902
12129
5355
28633
990
17169
5788
8127
4987
31626
26502
11593
7238
13869
31951
20755
27708
24982
