500
7861
32201
24221
4513
18696
32430
8858
7916
3492
675
23455
30323
2958
22190
25706
653
21516
5638
15911
1862
1106
27942
5943
7693
8797
4896
12079
6573
16672
27956
15396
26239
12254
4257
13606
15069
14551
5819
9738
11225
13094
30526
28781
31279
27626
23778
7669
11129
10916
10287
10202
17314
21728
5267
22437
12957
29976
13234
9528
19031
10453
13053
13839
20714
14871
8070
25029
787
26615
7186
24538
6886
8843
15728
691
11968
15882
266
9186
31870
24880
4538
9640
29932
13028
20191
11704
7040
2841
18863
32062
3657
10994
11471
2592
18978
16425
16929
15748
32555
14257
2781
31634
2426
9114
7651
22651
25101
14390
16463
7866
7171
9338
27726
2714
16908
18854
14897
24312
10271
5673
24512
14154
1387
1982
14801
15072
27279
6364
5145
5482
26637
7501
9025
22715
30972
21020
25916
11212
1534
9397
23513
27396
5234
30024
21908
7606
30187
22638
14514
25836
3040
7183
1165
18275
29605
4995
32044
32470
11929
28407
13590
10879
6818
8723
26984
2780
20182
7642
25638
10927
12411
25041
22735
6472
21554
10339
28468
6662
32623
12932
28809
27932
24108
30357
19133
5521
16607
13959
24071
16523
30377
16708
18626
12748
6096
25418
9594
22909
21615
19097
28487
30506
7020
25040
89
28175
11691
26259
24277
11922
29057
16175
19424
22800
6764
21377
18680
32220
30977
27924
1931
7813
1829
25225
30402
21592
1152
4668
25502
16422
14127
28708
24391
10056
9401
11003
24481
25055
22341
11423
19999
32352
778
31161
30940
15953
8198
13468
6632
20557
19443
18288
26847
27470
2167
31119
27329
12076
10651
29743
29693
28256
2174
31298
4303
17678
20043
22426
18380
8515
27496
19281
27324
8315
3824
29032
27047
26214
12900
28590
23603
20715
3485
27107
13613
11630
1797
286
21605
21326
29703
25196
27327
18354
15812
10426
25735
20102
15880
5621
19973
3264
26748
26479
26193
8168
5149
18821
21609
20183
30956
11903
12929
14271
13799
3255
25498
8043
29497
18430
26454
17864
29870
19003
8203
25509
12393
3925
16150
13751
15833
10323
19314
14560
12521
31170
30345
31664
13687
14679
13129
10541
32520
28374
17275
12495
24762
31794
12112
12239
8570
28918
23357
32674
24694
11491
12297
3520
7637
5595
2341
24745
15270
25854
23867
28202
2839
20242
21769
9948
14824
3112
17520
23279
13343
636
14792
23589
19964
6302
6007
289
18991
29391
27586
28130
4169
8110
31459
17803
10097
30740
12123
10597
18776
13884
25737
10534
8559
2087
16252
2164
3159
8510
2566
32165
27544
3898
17425
19913
24983
22081
24374
27114
2498
6225
22668
29074
270
19426
9406
16014
21155
17863
8801
24050
7381
6742
1668
6749
599
6600
30600
31614
15275
27619
18994
24279
23773
3798
5374
3521
9073
15716
3510
29873
24730
68
25924
24505
21421
28360
5573
24658
2260
25278
22238
16472
4103
9108
11347
9814
8248
19647
17109
20228
31438
29532
3868
14
9045
20248
25398
6167
16244
27214
28191
24574
13087
7536
22929
352
19725
22952
31261
18014
5997
1727
17787
1696
8405
30781
799
26009
20859
15826
27404
17933
8359
