10000
7287
8258
25855
29210
5571
29454
18123
31596
13804
1391
16719
22570
5907
26389
19277
29341
20141
6831
21385
23056
23593
23041
17541
18308
27346
24630
30095
23205
27382
11896
11517
8956
17992
32447
6072
18789
13187
22758
23031
28100
27984
32260
7501
3316
20586
7673
16358
768
9472
2887
2318
32150
5979
24868
1778
29368
9152
20429
31147
28597
31128
796
28536
21592
6606
22365
30283
20063
13433
20574
1672
10542
2491
1733
2825
17861
20968
32678
10853
20208
28907
8789
13682
32189
30950
16505
24328
563
16409
25698
8456
25665
3589
22941
29341
28917
9169
9157
13250
2031
9196
22427
29189
23828
7412
2649
27274
647
15319
19268
27986
20181
26936
23425
1469
29551
22036
6185
3150
22366
15269
19104
1455
2610
21126
21282
29429
25403
17689
24990
30500
8444
8486
12488
30198
7389
3268
30570
4056
26400
17021
1018
7990
24342
6317
13938
6904
7059
6187
19548
589
14239
26155
13100
13735
22382
1379
21715
24839
31123
12909
4753
23418
26736
24429
25099
8163
24561
4851
16541
17148
15226
11811
28913
2712
16413
24083
14033
2603
22289
15476
1337
26763
19551
25461
21169
13048
26079
30948
2009
24923
26211
29846
15430
28619
20786
9738
13708
12629
440
15689
23708
16381
27515
23312
7505
11776
5713
27697
25669
23644
10961
21559
12009
6802
8967
11081
25045
29611
29548
4945
22876
19577
16404
26717
26724
14111
29226
20549
14708
8148
16794
28046
17935
14051
1805
14734
22593
15350
27162
18897
19063
3733
16314
1212
31124
10218
11517
2416
7488
25031
25084
20209
31363
12010
271
16008
9364
10367
1600
19813
16363
5350
17151
22921
31645
19383
16919
19939
13545
6915
10208
20921
30990
4573
25270
1866
22880
21529
16299
7602
17819
23380
14201
14861
24695
18741
1979
31711
637
12017
27740
8372
24344
28181
3407
2819
32751
5760
29824
12376
2674
26030
8203
12978
947
19261
1197
10538
1656
5801
5239
23510
8078
12891
7626
30445
17504
4066
5759
31020
6088
10624
10086
24952
28964
15592
3058
24516
22957
9030
6706
3381
29700
27264
1795
28548
526
5051
14981
19365
32002
6946
18635
2982
29632
11490
25303
15321
9061
11129
21445
25397
32284
27441
24134
15098
5175
18151
3664
2452
4990
29201
21268
9410
20678
11264
30001
24311
4038
14434
15655
25601
32039
16650
24078
18664
3802
1268
30856
21273
16046
30851
18932
15043
21282
15118
23524
27778
10871
1435
18385
3643
15370
30442
25358
19271
17377
24758
26363
11219
19588
31287
27003
31622
2830
7147
14760
869
16771
26774
29893
6900
7012
1928
26483
21662
14465
21534
3880
18775
23055
9867
20446
18304
26106
6616
12808
26891
13437
29482
15562
21727
23535
3652
16489
12158
28384
29516
9473
32485
24676
31186
4470
1460
687
7438
32428
22926
21474
25961
2811
14531
3365
2880
8669
25388
10230
14052
19434
31319
19904
485
15111
11492
26032
7568
26330
12591
13508
17078
19841
21296
17445
20143
11395
6559
438
12703
17926
18011
20205
4600
1603
13836
29154
18752
7480
25351
7333
7701
24732
3955
32469
24430
2584
23210
5486
17699
9652
17890
11491
14768
17552
27661
18797
28982
18388
28926
27042
29122
22505
27596
22345
28882
23530
20603
31341
10773
1365
7385
25264
4979
17415
19623
31458
4685
13927
22777
6866
5638
27105
18144
27492
15298
32662
2373
20708
24429
2385
14872
20378
15872
12989
28331
7839
3327
2774
11096
23791
11078
414
14954
7358
20230
28177
27195
14608
21771
12378
30361
10628
5440
17479
8558
18544
24692
22523
16032
16179
2910
15075
14135
3271
10975
14571
18366
23190
25992
13809
32235
5007
32348
7545
14722
29048
31959
31395
13430
29830
5679
19547
22097
31019
15321
27088
22231
24623
29519
2855
29670
32002
23313
19056
16033
15953
233
12505
17358
17623
28020
9249
4987
23670
2270
18512
27624
2950
15597
10662
2977
11373
30785
17105
28395
17775
30426
13155
31841
4808
29658
14978
25823
30456
10380
18913
15007
17759
15526
17648
930
6921
3019
16464
19282
14795
25684
21898
30565
6543
9040
24320
25604
9196
20937
12324
2861
19962
10058
7655
15190
1124
5533
27509
8531
7614
16857
28447
10617
18201
3741
920
31748
7893
7062
6501
6326
29111
24135
31887
21953
20027
14345
8859
17895
25132
11600
5307
18912
22129
8753
19014
20732
7466
16417
1894
3337
26108
26880
5137
7543
11432
23382
24378
30138
5603
27612
25160
752
3682
30782
22727
21700
24628
30495
8285
19858
12884
18781
21760
7628
9855
12439
32103
3740
2371
3821
23486
24522
18521
21511
13982
15585
9012
15193
11836
3469
18906
16293
29153
9544
24051
26561
27034
5685
2591
20634
10288
11084
9101
6265
14682
19896
2506
3973
8242
22909
14550
20874
6630
9566
16765
11512
30896
16894
7140
31535
11016
13381
2147
19961
17176
12037
29330
5720
4720
4062
2727
10371
11771
9055
2303
16683
28209
29805
20474
28674
16271
10985
24588
2942
22340
15757
21009
4570
8238
31511
19425
7007
29700
11946
8997
16865
29909
25457
8809
8588
6833
2949
9330
22241
18854
3601
31185
7675
1006
180
19640
30487
3174
4134
30477
29779
3394
23583
32445
5302
5887
19060
11347
20593
2970
5507
28617
14948
18944
6610
1949
23268
11717
9971
7720
10172
14104
22443
20780
15729
28407
13651
22444
15819
23455
10877
14848
30608
6471
2267
20520
15251
27405
9821
31329
749
22577
21914
18422
19083
10625
15729
89
18409
23316
21488
17010
23324
22075
116
11831
25110
1973
10514
19581
20774
9762
12086
10509
13502
15546
8074
21243
121
20031
6426
14131
20316
9264
12213
2389
31069
7744
19862
11971
8737
5639
22596
24568
9482
10998
7350
29723
625
2704
18107
2771
12848
2263
26521
2142
32612
7429
20468
6109
20849
5757
16626
10226
1606
7681
14493
5517
16866
22309
23945
30979
22294
13828
19894
18785
11661
23857
21687
18943
18699
6129
19732
30296
22002
17575
12526
24600
24330
17295
7649
13175
4225
15791
20527
21958
11313
22539
22810
21063
4898
10009
5265
2370
2128
30324
8719
21845
4270
14548
25793
6924
5226
13374
20199
30386
9587
15992
31868
31846
3897
7616
24857
15985
5044
25021
3351
3542
31143
18614
19956
10539
20518
1282
11767
19880
2902
30400
5911
24190
24180
11720
7450
5737
30488
18401
13050
30601
32187
32564
20364
28014
32631
32000
17763
21874
9487
17552
20979
24907
23343
19050
10226
2016
20469
3018
30980
30812
27055
14926
17046
17281
6887
20467
25098
12096
14237
8000
13333
26758
12243
13249
17254
1880
21327
5815
19081
6434
668
19470
3338
9548
29010
7055
19421
24591
23959
31319
22781
32647
24806
10376
3668
26377
15887
22334
11227
7350
20607
27333
24834
15696
194
11529
1362
25165
25158
1101
17489
11818
24162
544
16550
29442
4246
24205
29309
10079
14357
13203
17709
7504
25216
3285
14360
12220
13301
8081
1747
23029
28744
16086
7304
28048
10640
24562
22168
23157
14310
17194
23172
15666
24169
5295
781
10133
16774
6605
10394
22393
4726
15972
18651
20448
5127
5788
20908
2114
23712
10453
4924
9765
31103
5085
7534
29934
22342
25958
3199
4087
5046
13495
2282
29409
7354
21921
32392
25644
16551
14261
20220
28164
5058
17844
846
22878
20227
22855
16598
24388
3096
5872
1372
1133
685
17985
28285
21265
10987
31308
4176
26363
26942
7770
8010
32736
10076
15072
29023
3567
32387
1710
6762
27817
22273
6250
10191
16371
8442
19517
16223
10090
2662
12748
9596
15350
22105
5738
28285
2978
14727
32651
24404
1963
24583
10620
16749
6358
87
24146
11738
19975
8097
14625
5038
22800
27452
10606
32166
19911
19318
19174
23311
22363
5009
25936
20451
22504
29451
10432
20534
9800
3107
31245
2768
24109
21400
25478
26396
30316
7604
32225
6721
4508
31881
25972
6030
15584
21371
4008
24603
4353
17406
5290
30125
27072
22433
16739
29915
10090
2892
1451
6767
11948
8133
4793
14351
6825
21369
15838
23581
21834
27002
31604
12507
2517
8644
1553
22227
9666
1732
1536
15990
23498
13339
19697
17667
23872
31391
31215
6314
15780
1442
6547
10226
13430
25976
5751
8280
12616
9011
3566
16440
30231
16817
23794
32753
11227
20441
31070
22085
9565
28705
27486
7166
17481
31059
31523
21207
13444
5266
26331
21401
29119
31896
13536
10117
19277
16961
30255
4338
23089
14925
3357
1847
7548
30817
19525
10699
12502
31568
453
28331
20826
28313
17066
4092
9383
9521
2728
31986
30259
12674
1039
20976
24291
16051
3066
7153
2777
3882
18121
27430
4494
17487
22738
30944
5152
21395
5972
25777
5613
19634
17836
19662
17248
21812
13004
17848
6923
32058
19176
29980
11510
20855
29042
21495
25655
20093
14153
23549
3779
6458
16686
9276
6020
8386
29303
12541
9900
3407
12295
31467
7240
8325
20349
29047
6424
27387
1708
31866
2462
31480
28492
16668
26485
26746
29422
11766
9444
25213
13110
4723
30387
8569
16964
17788
28733
25389
16243
8020
9671
21403
11334
19136
18704
1876
3487
12652
29737
27381
11570
1930
5767
19442
3898
15036
14423
24210
28778
18484
2065
25915
24615
15897
26192
23792
19188
27693
25569
21272
2350
1966
26138
18561
17913
18042
25965
17828
21114
13686
31293
1067
14663
20015
11247
20912
9755
4034
13893
4040
30159
7930
14567
30016
645
12729
1347
29862
39
18841
32407
27659
32016
466
16460
520
23304
29791
32390
21503
21622
31324
21753
22947
25041
19379
30718
8635
4952
16887
31718
19491
13059
17040
9870
25875
17081
5145
32563
1443
10947
8966
4232
23951
11393
31114
4358
2616
27995
28344
25988
24300
11771
20712
12807
615
441
3932
27867
1434
6743
10019
10211
22443
31727
22334
1069
15164
11561
24578
969
8432
14257
20925
11740
2859
3305
11932
14576
24346
8923
25548
12174
18164
23921
24032
17167
2431
6120
15475
16559
31445
25218
26894
23779
27240
18555
5452
18669
12868
12863
25659
18093
19348
14298
17158
11962
3176
30640
13521
7345
29365
17774
5605
13773
8349
17728
6669
15800
28145
18245
2623
28065
13045
30528
1407
16783
12387
13456
18689
12277
14514
9826
17294
32646
32407
24613
30760
12106
11469
10814
29681
9458
11026
17149
23369
5481
13426
11216
21047
23467
8903
22199
17418
12762
4993
18424
20032
143
18851
20
21158
14446
28942
16889
29889
27133
9986
2425
1645
4022
27618
17915
10180
15962
25143
11633
7745
12169
32504
15242
10021
23184
3849
12584
18714
3970
13825
10260
26903
18570
18992
3825
9859
9599
12769
8558
17053
17849
9692
12480
5915
29731
32047
20560
24593
22930
26158
15024
23829
10581
12473
724
3489
31758
3517
25983
3257
19648
26621
20219
20429
19496
14867
26893
19680
32337
1457
17704
19434
22115
20525
30433
26491
17595
18493
12963
162
27457
30975
17572
10765
27638
11836
29719
20081
1485
28141
9892
5677
29628
11006
22549
20522
16914
5459
14930
25093
3595
11017
4495
880
25506
28414
8388
18645
11686
26771
14941
16701
27664
20656
18739
11121
9364
4105
26044
1630
16758
29344
19326
190
21151
13451
17098
3061
25840
19448
21158
5689
25558
5230
20235
12278
14623
16214
5969
8305
7948
11705
6375
11691
22695
5963
27207
7048
17494
8873
4649
9776
31921
21215
20215
31670
31633
28205
29314
30968
29545
16907
9715
11718
21210
26730
10756
27718
9857
29245
26480
26518
19732
6968
25511
9652
12717
27351
28103
18587
101
26275
6088
29359
2341
14769
20470
19035
17593
30059
11941
24825
12326
20370
19488
242
29246
388
13026
10022
32625
11451
16905
11150
12262
26775
5127
23839
31691
23901
15771
5362
20969
4223
30976
1187
15483
17950
4452
17399
18496
7117
8859
25025
25039
16536
277
31750
7467
28229
24077
9055
7063
2009
31748
3487
939
350
1902
23478
16296
29924
26539
30421
30217
2246
7224
18643
28762
2862
31271
21456
25677
26331
24012
27928
21259
21794
9402
8009
29384
28979
1006
30649
22170
4254
3657
17170
18571
1302
32580
32063
2541
11124
7647
30860
28141
27647
19418
8
619
4074
5416
31022
15113
4126
21409
18629
21122
16698
15095
32517
22078
216
24811
3835
4131
18451
5568
5423
17069
18246
8432
29059
27457
28437
13855
14430
32446
2738
13901
16138
21590
20313
4431
18267
12956
1309
23424
3730
13021
11495
27572
17280
28340
18364
5485
10223
11225
9022
21330
24893
31290
20342
30172
15434
30797
8656
10835
26773
12708
26983
28153
28321
19394
14467
16773
26014
29997
26464
12498
11333
19140
13362
729
10500
10067
9317
9693
21851
4453
2857
11237
6278
15193
22830
27503
13660
18872
6572
6243
20343
21446
16551
26950
19349
21079
11889
7344
3902
28900
3184
29440
25511
29918
26401
28750
32727
12098
10589
31393
32264
11374
23772
10338
16464
5683
21495
21265
2176
31787
8370
16951
18253
30285
31993
668
26285
21950
2090
15801
4996
22506
32212
9584
19072
4052
18879
18427
11329
31146
7468
24611
23742
27805
26973
30130
29156
24304
25432
25130
13696
12366
29929
3511
15966
28256
16102
30819
9394
18335
4278
25481
21944
8295
30996
12172
19096
32333
21521
16840
9868
15795
31320
1737
68
17818
30134
25787
23178
11703
24282
12834
4130
2760
18521
1228
14068
21800
23285
27907
15981
7585
1822
28935
19746
1154
28601
23739
8630
9970
29217
14750
31486
30340
28523
765
19300
12044
15087
27239
15241
24240
20995
16482
16431
13378
16650
21852
18261
1997
22958
26340
16547
20845
7785
27930
1289
612
1866
23652
24996
29803
1014
12131
18913
25414
24301
19750
29924
9371
26126
8093
27179
4612
31838
28240
16750
22883
30981
20816
6602
10102
30617
20590
3103
24747
32159
684
7351
23605
6479
16881
28712
21855
23960
18177
18299
1824
24420
16811
1933
9712
6173
16709
20406
11227
20848
341
25513
10964
32337
28305
27803
6475
9535
30730
21928
19714
16329
164
18290
6172
13137
1225
1803
15479
18192
18526
15381
10555
15194
8438
25127
14003
26147
12358
26995
21596
30915
8922
19110
23868
21238
18182
4624
1653
1831
4126
9733
7194
29678
23017
19587
65
5847
84
13332
8282
31845
8036
1014
21695
29014
3950
14202
24204
22825
29066
18602
30640
19934
24645
28206
10564
27901
6294
28785
23580
30169
12052
23039
22428
7446
9573
1842
8909
14697
29690
22797
31664
11679
23545
3944
22739
13281
5499
3661
10529
28214
11768
4771
17918
24649
11007
6665
19348
13933
17707
517
19303
32222
20306
8798
3376
12873
7679
26310
20968
17551
803
11196
19747
32455
12807
25265
18591
27010
8069
16746
9757
5714
12920
165
13167
29581
22641
28159
1235
3406
21164
21781
18815
24509
20290
1002
20093
7824
8863
28297
9145
5586
13623
13803
5977
2019
31093
5658
31564
11457
32244
32663
26918
13957
28658
24569
30763
32561
8706
24024
6569
17320
27392
3049
3980
4094
29002
22378
12588
16626
13869
13761
29289
16057
30110
21856
24826
21758
11819
21995
3074
19494
25905
19357
2532
10200
31566
4584
4185
11965
9497
12635
21184
8068
23569
23753
6837
14122
23508
18856
20196
27768
32658
26551
23583
1229
5056
15332
13487
26141
28689
25196
23016
19002
28066
31812
9217
14162
3444
3000
15394
25017
25376
1106
31933
23273
6086
4605
11298
12744
6471
23402
17742
26665
18868
17331
17156
24980
17158
28478
8480
12106
783
4069
2087
23940
5040
15443
22306
9724
845
22193
32685
11182
16766
18051
26699
9184
13319
2508
18684
4192
6155
24953
13842
28429
892
7420
19776
664
6870
18744
14580
6284
20237
18077
32230
28812
14275
2708
18161
10460
23999
4125
8995
21540
2459
15286
27152
7280
27324
13952
14955
6010
10888
1181
18135
12332
16338
23260
25850
18785
5785
30616
4819
32236
24563
733
26190
8667
7748
14797
6934
26877
16819
26946
12971
22177
26847
31669
23220
23201
6605
7775
3478
16287
1830
16797
8517
20111
13727
30873
14427
19317
5560
31783
18791
12144
26025
21741
12423
17400
28569
28871
32569
868
30738
10090
32366
25263
28850
29255
5856
26747
17187
23474
5030
13654
18509
26947
29445
24893
16329
1404
14730
21086
23449
11437
31573
28962
13335
24853
4024
23915
14380
10826
8961
2331
28098
9179
6803
23509
5756
24371
32572
17415
3236
7360
25026
22824
27749
8277
28095
29502
23866
9421
7855
23460
4006
13042
19272
31498
17190
24477
31498
10429
26724
13598
14870
32553
13229
19421
24387
22940
13221
22082
30831
24396
16441
9171
20755
16284
21974
24476
18202
923
12504
3540
25076
6349
15686
3261
24550
31023
11964
7372
11684
5237
21672
13322
31777
24214
32441
8378
26790
10122
1429
16188
27426
8274
19403
18225
32449
12602
19208
29664
14527
1371
397
3033
16767
28515
21472
3031
25559
2969
14018
30955
9902
17179
13666
7639
9418
5226
10192
14264
5859
17705
11700
21993
17404
24866
16704
28963
19443
10890
30307
32233
86
24454
14912
32291
16248
30958
9950
22025
1476
18000
16161
26690
10578
2872
9977
15693
29624
430
11225
14881
3619
26113
12651
10768
29606
28611
22146
8177
24017
23573
26192
29310
24454
27941
27097
22523
8712
756
28071
25881
30805
12637
20415
29465
15542
30547
10709
12596
11412
31594
11196
25915
13965
29080
31264
8059
28359
3645
25975
26083
7556
10850
3381
6761
7159
32062
17215
8361
29527
3839
17315
1743
29233
18631
5254
13752
11266
17908
8798
27732
5893
19108
27745
2639
15434
888
21820
28144
11784
29337
27657
26945
14388
11769
16763
4720
32594
21212
7516
29557
396
21142
10298
23797
11777
31894
23901
24678
1631
27043
22780
13685
32436
11366
22192
3748
3969
27433
29736
8504
11793
18142
3103
25682
7944
13155
15755
19292
22335
9476
29463
32678
24271
14146
32468
23889
27244
12498
7723
14189
7925
2281
31255
10078
13128
20919
30609
27524
25691
11313
27723
6427
28553
10516
2976
9567
1833
15143
8139
2548
30053
7872
25432
2182
24906
23177
3801
20909
27163
15748
28378
4883
3307
32333
5655
12504
2154
24480
32748
11829
13056
32282
14092
2400
30488
11076
21622
3760
27071
31181
27301
26370
12141
24343
12551
25947
8994
3574
945
22479
29621
28340
2897
24481
11113
22616
8548
5291
21954
28455
17577
30720
14231
19564
12757
31185
19815
21365
29832
5773
1009
22494
1152
20300
24318
30994
17165
366
642
22286
27844
24959
20963
1128
21368
7518
6553
22928
29798
27039
30455
3415
16048
32301
29256
13997
7693
17972
32542
7087
7614
18238
22247
29153
14276
924
25025
29623
9296
23559
8592
28507
15739
13447
21325
12970
19255
24724
15009
30847
19333
6779
19378
15157
2793
2564
10045
4199
8475
7762
7397
29178
9728
16138
10186
6238
13016
6328
6494
18960
953
2158
26228
17508
19772
27310
19098
8577
6774
20873
13737
24493
18218
26121
14234
28107
27196
30925
24219
24865
17513
1523
15202
14431
1846
12347
32706
20445
2086
30568
27516
27429
13360
11754
31575
30641
22384
29115
3699
27894
3357
11399
30170
28065
27579
24335
8792
3616
16786
15311
25741
25700
30046
21726
29504
17637
24392
24855
11254
20711
11797
23670
16835
14844
11422
1988
20065
24267
31616
2935
31103
9487
4884
16852
10843
13539
8610
27734
30611
31036
6609
22611
18745
2487
1378
14045
24869
24981
28702
11239
15759
2051
32525
22696
2525
3487
2025
25925
4537
825
15570
19882
27239
19926
16451
30136
18005
31739
13637
18598
9972
40
8163
26529
24775
29858
10717
11190
9658
19573
8097
32498
2484
5562
14710
20680
13679
12566
1275
10674
15240
8835
720
8731
17362
24403
19603
16509
240
15730
22286
711
9251
26603
9390
5889
17248
31917
31799
1842
26022
14224
30647
23682
10638
20115
32697
32156
14884
25447
1722
19542
1525
11826
6369
18068
27753
17805
5098
11881
21843
10190
7012
32128
26311
27021
7452
10171
19756
11617
31193
28953
18833
18667
9801
23261
31301
15126
22588
27629
4513
22428
5136
22648
28457
19405
11884
19675
20180
24716
5682
24518
679
7578
31406
28570
27272
12823
8724
28438
7762
17989
1065
25907
32293
6800
32064
9292
7424
6091
11624
31874
14737
13501
22500
27999
14667
21724
22235
6842
22970
1112
30545
2266
3091
13659
20822
25566
12048
25232
28797
22107
6906
15074
24720
13128
13319
14982
29314
30487
30439
21819
19877
25637
13210
5584
8477
15956
27268
22247
2453
27126
32707
30970
32561
29166
14528
14747
24515
14609
14340
4096
26945
23251
27470
12990
14455
32543
8162
10965
8185
9606
12579
6125
27484
11164
1380
2527
25253
4767
19708
4983
8706
18522
14232
31353
6584
30537
5078
10465
19037
8702
3343
17263
4423
3523
31603
2403
6468
16513
31324
24966
17291
5601
14556
14441
7411
12208
14488
5105
13155
17800
28378
19
24458
6061
31713
14557
22224
2357
27772
13750
6540
9580
14807
31206
4471
5238
31636
20057
29793
17206
29
18591
16162
17007
16185
17208
23764
8489
23262
11023
20031
18007
8775
17988
26005
3510
19269
22574
27232
11256
21978
18081
14776
7714
19972
9324
14009
10291
24535
17702
7988
9990
29134
15915
6309
14713
14691
30945
2405
1231
32221
14912
4641
6227
32106
17297
15243
13374
10349
28789
11343
30683
10009
30250
31561
15081
23871
10250
29173
5697
24676
25940
21287
24505
5143
5167
31228
7495
24706
19948
25872
13162
14142
8332
497
21189
23148
2434
19668
26893
6657
3514
6279
6438
31585
4825
4775
32393
32560
24007
22547
16361
31076
23147
11680
13590
12191
4277
12559
9249
12733
27362
5692
22977
8360
12539
17559
8437
22388
23967
26840
24043
10920
12291
20207
20513
12761
7991
6202
16330
20350
4779
8699
6771
27391
1009
12297
17126
4367
28100
12230
6223
28220
11338
10064
30877
22468
12950
9468
16939
22187
14705
17152
6304
26890
19290
4975
28948
28074
20939
2155
10612
28113
1982
11414
12071
14684
30064
16329
30961
2318
22885
3081
22552
6952
8876
1718
25798
32314
24676
4614
2479
32312
19071
29362
29427
26576
18374
19951
25670
5627
5405
17312
14926
32211
29193
30922
6988
11428
30319
9800
6911
27717
30111
32704
21958
425
4752
1749
18180
14769
26989
7838
24264
14404
29265
29527
6830
15778
336
2647
9728
22005
1974
3650
17697
10026
31379
11136
4140
20734
631
4334
16600
4956
22650
26835
6047
12006
29823
24085
7199
13266
28858
429
15552
13047
18032
9304
4503
1319
18430
30863
18058
7360
31773
4282
28853
5502
15972
3489
21261
30355
18703
4387
22083
23290
3070
18730
14316
29704
29953
9950
13534
6724
3410
5657
13021
24696
4195
18715
11639
23816
24538
27776
27180
7555
30938
22383
14290
30840
20101
3091
15672
12683
11711
7247
6922
9159
3636
18093
25844
26166
29852
24472
13834
7855
19006
23244
25704
30448
19890
2314
6165
26605
236
24080
18734
20327
14454
21192
26944
959
12285
14272
15349
23053
18447
3034
8947
21101
20771
11077
24833
24217
2010
27307
6251
30397
9860
29356
2216
28806
12262
28556
20283
19580
22331
26920
12247
28051
10616
22319
10182
28412
23508
17806
20620
3137
25480
7468
21959
20369
15059
25816
601
31321
30530
3712
10441
23572
5422
9379
27367
2915
7302
27656
9391
13664
719
19889
32368
30511
28264
7435
27182
30167
16147
3687
4164
10320
32689
29101
28493
2014
9549
1359
13125
6813
16220
30077
2028
3164
32067
23448
27243
18862
11546
20968
15930
20799
6064
28561
10561
12133
24015
16579
31550
22519
15041
3890
9318
21090
20498
3782
32591
27641
24216
17043
29197
25741
4273
11787
10908
18750
14796
9842
31358
29072
12075
22675
5540
21186
7655
22194
14482
7515
564
17089
31167
22789
9190
26839
19002
29342
15412
24029
27027
28813
10428
30347
20729
16722
20424
10899
22944
22625
6608
14363
8806
3377
9280
7025
30901
28816
4474
12026
18603
3129
6687
1900
22648
16552
17291
24637
21256
13613
24478
11356
26083
3648
14786
7966
30289
24084
5417
16763
12737
879
24663
26490
32107
27320
16865
6634
2357
25938
25204
18515
2515
2856
6168
22316
24115
23177
22198
24142
9240
2615
2520
11177
5
16826
15281
24118
7260
11258
11613
11564
9159
6157
17514
12151
15063
7246
29078
14182
15595
28591
29914
5796
16468
27984
8872
24169
9654
30288
3698
28657
14001
9699
15979
28974
6081
2980
19601
31162
4451
24621
6379
3087
29818
26597
28943
12026
7664
30746
20712
15181
23968
21072
8374
12757
17524
18904
5206
11659
7626
26532
4036
17934
6173
89
13534
30289
24801
28838
32363
23441
14254
29653
3163
24715
15521
18591
1360
10475
32256
6213
12638
20743
2332
21468
12815
21965
636
31720
31659
14586
2359
1581
29622
13710
27042
21954
22713
6268
25387
31079
22342
4517
1413
9240
28726
4359
26886
5091
5173
1074
17997
23286
6273
2044
12583
16124
26862
25206
31412
8874
6958
22815
32453
11668
18255
14167
24713
9798
18821
6422
31337
12944
20778
19933
1328
29217
24835
26605
14959
10071
9413
19384
30240
25174
16343
21397
7049
25176
31066
23479
16739
8516
26983
19040
26940
15745
2967
26706
17946
13836
23241
7559
22113
11464
23071
26145
21750
8982
12106
5028
17829
25766
12808
11875
8384
5261
5354
2872
25097
4247
2907
27000
32466
7902
4318
11558
1891
6555
13719
2407
30620
3389
5133
12086
31452
31928
21550
21593
10017
16416
24468
9876
29552
12662
11014
32540
28023
7106
14658
27214
29297
8289
15097
22433
28490
1697
28700
1498
27651
10635
11862
32639
26201
30720
12506
15245
16289
15112
5470
13933
16887
5734
10855
5925
151
30576
29384
13516
6027
26141
613
4160
3719
27744
6205
5659
25361
1972
6568
15586
32228
22776
21212
21376
6039
1662
8374
5107
20602
1119
26552
20038
32705
14097
31822
16319
32228
9275
24661
27225
28229
9671
31197
116
19476
21305
10030
14540
15983
5440
21514
7848
30670
6027
29746
12884
9375
3294
1836
28112
11565
31077
2370
458
20166
30536
30158
24266
20509
10623
16053
24237
21741
20712
23858
8788
5343
14231
24533
30621
31150
26221
6603
23442
26761
22764
22367
27873
15033
9033
15297
25229
10627
16067
11270
23266
12624
28724
27505
5806
12299
31974
19697
29870
17099
8615
7658
16711
9906
32
11832
11894
8469
30306
6514
2058
13020
5314
13675
30737
6956
9703
18943
28560
27972
32033
30220
1911
15781
32508
26046
28115
10870
6166
15888
13126
17190
5677
24975
3252
4947
6012
29281
23872
21739
1096
13703
7287
3473
18102
15199
27850
6978
13535
29037
30274
29752
24870
346
22895
7694
17610
8509
20130
8230
30903
14618
17756
30024
28834
424
6149
16523
27732
88
10209
18809
4934
1170
30017
878
28271
2626
2038
9281
13402
9619
15371
3622
7035
23546
18100
4307
9923
3703
1921
17890
8306
22808
31191
3191
14125
3006
23201
26658
29008
8227
22083
18183
27269
20764
21199
29500
3990
14108
10876
13170
19583
3578
27220
24280
24776
2036
26924
26684
19985
20979
19161
9331
5359
11537
17313
20476
13302
16728
12272
6112
7447
3532
21580
10716
5421
6572
22923
4034
12754
19190
22852
23069
26999
1577
3715
24084
27060
31566
32449
2705
10204
17465
12051
6306
24533
14349
14753
6943
29990
6142
22362
12685
27218
31067
12774
25154
25189
4299
4572
24522
24780
17111
15670
15754
15209
7592
6658
22435
29415
8210
26970
29209
25931
29138
11925
21301
3788
28948
5823
23847
19685
14649
29767
27376
22440
1750
8952
29823
25941
7424
26666
15898
11307
4039
9018
5888
13950
6144
25143
27469
15626
21576
11998
11549
31623
6981
10185
22772
13182
17199
14819
6494
20826
655
3615
19922
26562
20039
32618
30940
29990
22739
11486
22908
10136
5838
31800
13257
4830
27832
8332
3289
3269
27126
31031
24037
9144
13594
23830
681
25488
3429
9717
26378
23726
1418
4170
14331
8519
23477
17188
7073
11520
4812
5214
13493
27323
12533
23832
29995
19632
18264
29287
1041
10943
10022
5708
15033
23300
26586
29923
32026
14509
8895
477
29044
3336
1970
18992
23347
3808
12073
3597
7446
27658
19828
14099
9872
4411
11075
32450
20591
9245
1897
22834
27835
25505
17887
30725
3553
25238
4108
31130
18704
20603
19011
6275
30692
17553
654
28474
15682
16181
15530
9231
20867
21869
16210
4453
22996
15041
18113
15902
20188
7500
16498
14932
13984
2066
29738
13386
13732
16276
15928
22946
15187
19618
16123
22736
19873
10609
9126
5838
14319
17645
27712
27921
8495
20560
21231
957
19784
2804
14453
7189
3516
101
14843
24373
9608
27835
21518
1283
9292
15143
14055
26467
31915
21195
12271
21930
23029
9679
19586
15446
30979
14001
6643
29948
2147
2012
9937
21121
21430
10621
10601
15757
15957
22930
28556
30013
20795
27203
31635
18456
24607
25206
29343
22853
2528
3230
16422
17915
6182
26579
4779
16184
583
12072
5580
27574
5991
27449
3458
9755
5092
16899
13989
27503
9713
30969
4270
3540
9600
23892
29889
32625
870
1706
7659
18864
13241
10178
1704
1193
6013
24999
16296
25310
10624
19707
9170
9512
29315
11662
3466
2801
2202
1071
28975
4772
7638
29378
232
7778
25120
9875
15777
20727
15464
15594
6480
14092
7936
21984
3709
4253
31554
18800
20737
20142
6265
13009
31758
6458
20991
17923
24943
29037
162
9129
24081
17427
4940
7958
22467
79
6884
10922
18490
1680
19823
24159
31064
961
17531
19615
22190
3264
31421
6489
30783
3602
19705
1875
19078
25557
546
28610
30651
11765
7875
22552
30291
13475
1949
6685
24774
28931
14225
21057
31380
3621
3265
2096
1674
30263
28915
17832
21057
16377
24886
3975
6889
4209
6343
29993
12100
17631
25397
10736
29429
30963
22980
23844
9979
15678
4111
17406
7033
4583
29682
2559
11960
31135
25767
7046
15726
14550
17711
32418
26689
5423
3572
11813
21127
10546
8620
11002
15952
8258
27008
14264
10662
28366
31854
29302
20755
23243
21996
16610
15204
26721
24526
17037
12973
32484
21353
15753
20109
23047
13817
14646
29619
6988
29760
15193
27809
4031
24944
23406
32688
32228
7499
8256
9813
4078
9609
23478
18850
11825
5754
30960
10256
24026
24300
28818
18555
30686
27471
22368
7790
19504
3095
15116
17313
1335
7010
16715
27328
24447
9691
15662
28526
2479
6878
11952
10122
16571
18397
24716
22961
31834
8962
6225
32004
16315
10517
3255
9771
25203
21153
5684
17818
26043
25682
19915
6930
10712
7842
3621
619
6106
4276
2786
32146
5001
4736
29233
8142
18845
10801
19614
15943
11821
24779
3884
2504
16234
18961
5028
30148
24717
17318
27436
4247
24846
12146
16155
12559
1047
11591
13324
7467
7224
6085
818
3618
3932
18555
15851
13735
22268
26446
28567
10348
20626
18719
4522
20965
29265
8616
1536
21838
14355
3239
2929
32751
23699
12863
24742
12447
13020
2715
2346
22663
13313
1236
26820
31016
5391
5397
10501
17312
31040
28157
7453
15656
5233
26948
6131
3298
20950
25506
26740
22226
21229
4076
28714
18473
23216
1409
2065
14538
30991
3556
10151
1543
2717
30122
579
2731
24714
25751
3751
22590
9425
260
11480
5508
20146
25219
24110
9799
15203
6086
17319
86
16131
17341
22144
20942
16847
5631
3847
23704
15768
8811
28075
11059
12149
23567
6741
692
20917
14153
3579
13835
12823
14123
31346
16007
30782
27172
25731
15773
28767
6621
9282
19429
11837
12898
16283
14693
23639
9346
21294
8978
2911
18296
32093
404
5615
32203
32674
5450
27768
8562
2598
21390
23931
31548
26000
14650
11771
18799
28443
9834
5682
6575
6892
10116
30339
31266
28834
20342
22704
17874
13870
1855
4429
4179
15589
30385
5492
29861
1235
27253
22715
19291
10835
23375
18275
3069
20957
31395
12498
23980
1566
26681
13891
6916
15438
30013
4541
19783
29374
6282
18753
25271
7600
30760
8776
9283
22124
11282
26989
11878
144
7741
25190
29005
22952
11223
29752
31800
9982
27596
26027
6178
30132
16015
15868
30116
8463
2839
7635
29207
4886
19752
9332
14329
29532
22739
13625
16017
14362
30528
12608
27862
19840
16555
31073
25486
18253
22445
19555
12979
20638
27069
21871
32282
19971
6390
32452
21847
26072
13083
23725
17115
25299
23000
17584
22111
9433
74
25865
11910
5142
25026
28759
17853
19020
21958
12692
1638
26219
9561
7242
27191
15971
17789
11524
10460
25398
6901
11779
14820
11089
11087
13363
11738
14108
24354
26718
8882
9168
14741
28830
22376
24713
10528
3608
8931
22940
21911
17127
21023
28202
3940
5207
12683
25589
17427
15700
17840
19827
7189
25890
30484
5665
9661
11854
13662
10522
12687
12772
21946
26088
17338
15074
12415
22426
16099
21997
16912
25110
11300
2371
21248
22961
17493
18673
27513
14589
7818
31558
5598
26850
10204
8583
13487
20209
18541
30948
28589
5620
22950
10155
31807
25802
20931
19132
17685
30578
18578
30525
13579
20069
14711
1166
10576
26665
9908
12927
20167
14627
487
32705
28333
21933
32212
17563
28285
616
11621
26078
1808
7891
5103
13339
30473
7709
2743
19219
13424
568
8117
1391
24989
3375
20888
22706
2392
7353
19722
11627
26174
25614
3892
1967
14695
30713
4485
5062
29765
24879
25263
27429
14799
10463
20723
9628
31455
5002
2463
2769
12761
32277
20949
30701
398
4381
15501
19861
15200
16010
477
31260
4262
15719
23417
29687
29522
30705
2678
14449
27089
8173
27219
8864
23090
23871
13625
11927
4235
19129
23938
31965
1176
13617
8313
10782
8870
20694
13920
20257
7087
22724
17336
15610
199
19669
28604
18817
11702
16826
17455
16386
18151
30539
14935
18998
20097
10524
6474
25970
5331
19793
2408
14367
2037
13747
297
23402
9900
18179
28441
27964
6799
14990
17696
32365
15720
7681
18695
12597
3549
1407
20024
7139
22352
9201
15557
17361
4355
15773
2476
17559
14464
10491
1114
30591
11064
20931
7533
12089
17258
29259
2750
23504
15430
30480
27807
10973
8531
16530
22625
30715
19726
14182
27674
8570
15060
26246
20388
5464
12289
4075
18153
10860
90
28510
14686
6629
29096
8075
21198
11507
678
21847
8537
29380
6429
25971
21692
4786
23374
18481
723
3771
14480
3991
5468
2609
25914
947
17661
26802
19907
22829
17801
22875
17704
13859
1919
8761
29326
31024
13011
16384
16937
30414
16113
11776
23900
8415
19456
27220
28194
19590
8547
2653
12716
2619
30086
29551
7756
17439
25303
3017
8337
5772
11794
30667
13236
5873
16834
14179
22834
31965
773
14281
13243
24921
25487
11628
18763
2171
21745
18988
12439
26936
283
9161
11690
26490
27680
24219
464
29810
25402
28804
29363
2352
23822
4132
19652
12145
12081
9291
25820
3256
15594
18356
23843
9120
826
13552
12594
16240
9753
11936
19828
15856
25347
14311
13778
11131
3251
12575
32655
25942
29743
11467
8816
13888
25348
4301
25889
8522
2771
22490
26836
20201
3596
1834
6187
20554
1530
11380
32088
11493
10752
30745
17283
28245
31778
18336
26475
7783
7878
13410
23377
27505
14268
31366
8722
26341
1149
19504
9619
4645
944
25846
19553
11673
22515
29076
4761
32256
18391
8160
10758
31747
32556
27392
25994
8720
30080
30682
29631
19557
7650
5580
11485
24427
17388
14237
30687
10310
14848
30900
2785
11178
15569
648
2765
22256
12325
26200
20022
18281
6362
16156
18308
7154
30759
12219
23122
1224
27685
4478
8212
1438
14734
26309
24573
7661
8900
26105
15904
19340
12309
12481
26069
7040
19773
2937
13150
15637
24620
10464
8394
19246
15626
24080
31258
16345
7033
21172
7331
17958
28954
373
17843
24122
21842
7349
13431
1951
21070
11136
8988
26078
18244
29375
23349
4944
16380
32431
26973
5681
26000
24722
13341
11254
27760
29861
31248
24288
9128
17489
31556
6610
2406
22693
20964
11872
2230
4356
15892
296
17553
21019
26909
20581
5142
8470
25546
18625
5143
32532
25618
23659
29143
6360
1526
4202
21266
7873
5037
13361
32574
22780
6399
14195
11793
19448
17903
4664
8003
282
25756
29489
24469
18355
26217
10312
24338
559
19548
30076
15509
21391
28356
19948
27275
16665
26655
9009
4346
7245
10042
16113
20675
18716
27802
23217
19492
13397
14107
27115
6272
3680
25559
19041
32099
7726
1353
20144
9409
16496
13747
22312
8318
26375
26812
27867
26931
11452
94
4852
14896
20786
10495
16971
28349
12568
16606
17206
17574
3747
20145
22945
10230
15932
19341
30561
27650
2934
17413
26821
5545
27202
5270
12142
6875
18534
17731
32609
15192
4907
18556
4699
22202
17750
8516
17765
25526
4442
13459
13479
27807
31692
18937
18817
13611
31255
32645
28376
28026
26993
13541
24494
5716
29198
12750
17398
31411
10899
2975
4006
25217
4045
3649
22541
25250
9379
11345
4967
28213
20041
14977
30383
3351
16567
31291
26036
23465
3930
14216
10607
14292
13833
32305
24724
16202
11834
10788
24167
782
25718
22296
27601
5174
8714
29556
7859
19952
16128
31341
15226
195
12365
6511
21748
25367
17996
17599
7778
27384
12139
32606
9166
29975
4901
23088
23710
23825
22832
28253
19562
27380
28919
22264
9739
14848
11594
28127
9460
31914
2132
20450
4294
16871
25550
27687
7966
8102
6515
8908
10161
26270
28596
14031
24220
17227
18092
5931
2293
28723
4438
17220
24486
23918
28414
20101
5243
29029
30965
18248
11641
18138
6281
1270
10866
3113
31028
8559
10454
26573
27412
8620
31180
1573
18843
4515
24193
13432
14984
5994
24256
11576
22806
16800
28100
31107
8563
5385
20810
3055
12403
7544
32490
30855
11142
1522
25510
28177
25832
31760
18884
21651
4119
25253
20697
13589
6794
6049
11303
20135
31904
20789
6952
31910
5847
22072
20587
21052
28478
5578
15007
3878
25389
25143
25582
20922
8499
21278
23436
10792
32592
4818
23951
29440
356
6912
11521
4852
9192
9362
21555
3040
16092
20180
16213
31495
5376
16853
25924
28319
25415
20497
29347
13457
1161
23372
11053
1658
32120
193
30025
14069
1237
20604
17375
17436
23524
5125
21099
29516
2845
26686
26448
23081
22308
11918
4206
30946
507
6463
3574
18871
11383
22309
24445
27064
27632
8833
10064
16079
26685
14116
22536
16128
5599
29656
24670
15600
24701
11003
18752
23972
22929
26221
31268
7052
16224
8877
6044
31424
28719
17726
12330
21129
7604
21072
11094
20515
21707
9628
12031
5825
11626
12944
28399
8402
14039
4012
6834
18051
29720
20780
23975
3461
31916
30439
9559
9744
5496
29047
8710
14632
22020
666
13704
27679
11751
31960
17494
15707
24192
9830
7393
7769
15591
17227
26918
28402
20515
2753
24195
15837
8094
3038
8137
29302
17878
17779
1426
17341
6996
30005
16597
8354
3554
25114
2999
28032
30713
9734
23716
15079
3193
15015
20383
22942
10908
19869
14806
28648
11821
8159
7034
29703
4085
29786
25549
12287
27255
20955
15229
12956
14045
7214
18736
20918
22065
18568
9312
8628
15056
12578
27241
1615
17948
19495
10720
16537
11890
18896
6183
7741
348
24013
17726
11784
5639
14312
16860
7592
1015
28645
27583
9396
29177
26796
21568
8429
20825
28330
29994
18372
22870
5492
10188
4380
22227
6317
4685
16208
9295
17451
32576
10360
24087
10069
21368
9448
9914
6095
5662
18170
4030
18266
16128
16398
31377
28917
16172
5838
1474
24904
30654
4791
23153
24131
4854
213
28165
12803
29582
13773
3101
23797
11850
28961
15560
13117
16848
1456
23288
26969
186
27516
28468
21505
25066
7856
8846
24402
11037
28642
24021
300
10691
10645
26891
10969
28175
12034
7961
32239
15434
30744
2498
18551
10348
3777
31190
3150
4077
29031
28584
5580
26073
32439
26561
26020
1315
20132
24534
29195
32059
7343
10232
797
3298
10086
21515
11900
16190
10539
24953
13882
24361
20023
25896
20217
13519
19423
21929
4432
16760
32021
17842
6769
28066
10289
8910
8201
23891
20978
19539
31592
24237
16831
5780
28642
9923
6963
3673
12405
20651
12505
4236
26796
21205
29748
2613
19650
24218
9987
29865
29963
24088
12738
25085
2192
1086
17268
11713
31481
8995
7840
9707
25009
15516
14234
16402
9284
269
2051
11997
3084
12415
15251
27578
30476
4595
6678
2259
12828
29942
21173
24382
15943
29046
3191
28019
1393
22996
24584
31236
16956
4922
7864
20104
7981
18479
2758
7896
20747
10601
25823
28799
12424
12514
29410
5739
5924
6958
25574
5353
845
2827
13694
464
18379
2874
32316
13563
19035
25229
16755
23805
5530
28226
12353
19473
16933
30351
31693
4432
31487
12670
7374
12839
8499
26619
13389
6151
21178
28971
27051
1630
22686
30720
27109
11463
16480
16139
27671
10621
9368
22161
24383
4118
26843
30944
9540
18542
27873
227
32567
23009
31463
12021
3800
30397
30035
12275
4444
23542
1943
6805
14189
22812
24151
22270
15987
5259
10958
9361
12050
24546
30062
12807
25843
12470
966
31678
17352
4487
21929
25684
15754
7922
32141
15221
3589
25897
22577
9969
20375
12705
26499
8722
19765
11530
21696
1836
13742
20868
24029
22389
5172
4368
12838
13591
12824
16452
549
17284
17877
6468
18117
25098
4944
27373
951
29863
24926
18515
2325
12062
26759
19566
30789
5706
7946
17936
4129
11187
1568
24602
1108
30559
23685
6640
25607
25579
23093
9258
21438
8410
22899
30093
7804
32556
4368
11321
25134
31794
17386
3875
23366
28322
2483
17350
5031
2535
5364
3094
30913
11194
6737
8374
7421
10230
15630
31594
10331
1704
9426
9679
15449
26726
8363
24650
20248
1251
31571
13630
16826
30656
25778
19586
13838
20388
5283
4882
26479
5006
2811
2820
2793
12906
4296
22462
31390
4323
24278
23143
12392
10617
3448
29339
21440
29395
12676
14179
24287
86
19104
15460
7970
4342
26300
14166
5299
76
7904
6584
30054
19945
20776
29378
22241
12011
15373
11676
17408
24014
24293
32717
16760
7300
17325
7158
1466
7367
5639
31936
26650
17070
11135
23571
19248
30078
24850
10889
1662
29379
29169
6946
4948
22432
11138
5945
241
21604
8872
11958
29675
15965
20036
22662
13521
29681
11004
5960
4622
18154
19515
22089
6416
24850
32376
4787
27306
22272
24252
9473
11959
23857
2910
16054
27393
21339
21009
28751
16737
6653
32546
19318
22823
26171
12794
30072
30651
2025
23274
15865
3205
21990
17960
3559
13323
13483
22548
17068
30297
27427
24256
18856
17574
14782
7344
4062
31284
26561
28894
6637
25720
15072
16385
22595
5755
3342
783
2957
2944
29844
7937
19825
23783
12896
27094
4480
3921
23200
218
12902
15109
27536
21544
24420
5011
18064
2926
32257
4791
16250
10224
21500
19071
13874
2000
3460
8880
28287
11916
29611
1383
6681
30408
26393
16124
18691
4430
29437
5419
13338
30035
3146
22902
5615
9724
20767
31429
1490
28960
23686
23120
2351
2896
610
26558
20254
11540
1955
18574
18997
5496
10940
3767
7328
5575
4183
17035
2676
2711
26695
17377
26177
26117
24254
18035
11239
12098
11712
28037
15786
6991
25303
19144
30600
8964
11529
17533
3273
14935
18183
9949
25561
3291
20903
25785
25683
25479
12948
19294
27486
6073
19268
11707
23100
14202
7211
19142
29472
16132
10287
29467
30784
2946
11355
12774
16684
27414
32727
32004
14942
28192
12312
12389
786
23998
11604
22709
7512
31631
6969
4411
25703
28349
6622
30977
15668
570
6906
821
13635
6217
5972
9935
957
30529
14458
12660
8388
21389
19126
16794
26371
15096
2878
11246
29577
17704
9899
20466
14295
11623
31660
8171
29239
14762
30204
24570
80
4811
5521
24713
16376
29210
30231
14312
29257
18452
27292
16184
21751
16498
397
22153
26080
18278
1249
13375
1253
29729
19092
17338
26617
31896
26967
22326
5495
5768
9606
12527
22713
27063
10842
10121
25830
30590
25440
27056
6667
7044
2601
9468
8302
2508
15427
5143
19999
28146
11625
14369
2767
4017
18935
16723
9701
8361
23969
27363
21199
5983
4707
20008
16278
15238
23483
28927
31158
18301
8727
4973
5420
17176
17033
134
18896
31651
14018
26253
31461
15652
31038
31324
23791
12513
31164
27142
11716
1314
13809
25276
13030
16952
19069
11757
29200
28862
4126
10673
22543
29983
6436
8296
16851
17497
8997
17310
7110
22016
20721
20019
2909
30597
16584
4536
22252
25784
21195
29467
32702
18828
13233
6791
16997
4378
32699
23174
29007
9705
4586
4713
23962
1901
21359
4073
16937
22733
8035
13326
25848
19690
3768
24400
25260
5020
16496
26877
22639
11326
29196
9690
24570
16750
31816
16909
4595
29198
2053
29242
634
11150
3975
16365
27647
31086
32736
30008
31830
28158
3756
27549
30733
2153
6143
16941
10237
15345
6300
16114
17695
31868
6248
24459
22177
29776
6430
23830
13881
18203
23875
10067
11962
1590
7005
6917
26853
14890
29024
30620
6785
9588
11369
22546
11182
9349
14510
13075
18038
20237
19893
9824
1189
15993
10949
4469
12250
7610
30619
17258
18399
26185
7517
16407
17206
28264
11220
24699
15860
11434
7893
21087
2771
21685
6144
15158
23170
12615
24750
584
27967
24439
18468
1551
680
20286
12813
16609
31694
11573
26919
8400
25484
6560
2620
5839
20759
20652
6996
8470
22741
10229
9001
21703
32627
1355
21723
10961
25394
12982
9189
5140
3969
13239
21584
6343
11985
32721
23334
1815
3749
17992
9002
29969
10728
7977
2502
6594
11652
19850
10309
16797
11056
30483
15682
25117
28297
29886
19040
4267
10341
8410
14908
24769
25700
18006
8864
27984
31944
5436
30458
4447
134
16508
16140
5109
16284
10475
9700
19258
29094
14731
29967
31449
10924
22797
20490
29096
4671
5268
17401
10891
4292
26556
32667
29846
26383
17883
18302
26225
25652
18567
31343
8449
11673
10072
14901
9540
19792
23790
3199
16765
31396
7478
2074
22930
20722
234
25191
3762
26811
2647
28941
2618
1782
26467
29675
28634
22187
5326
15185
15092
24765
18104
32367
2884
13832
14948
30221
9414
32683
21819
3965
9940
27047
13588
19406
16015
7082
5554
8003
22657
13349
12174
25859
5505
31140
29655
15122
1750
13919
18872
23168
30111
29196
12505
16353
14706
32248
27944
14333
25155
1878
8153
9416
14727
9175
29099
3732
24218
3195
12910
21893
606
31398
4546
5957
1574
23414
21793
7418
466
19796
12064
25973
30011
7113
7153
8108
10449
11667
26413
10603
386
6393
16080
26182
19422
21083
30598
722
17017
10509
26149
30741
21393
1638
29306
25402
27121
8979
18248
1417
15637
9905
17294
151
27791
26012
4361
8890
27306
12545
1018
22464
31308
27963
10281
4577
17441
25180
7978
16113
18165
31497
13279
7643
10082
25996
18238
2122
8876
19236
31316
1193
10473
4511
14730
13390
25189
23339
3368
29170
9284
14442
21271
13413
6249
16580
17899
2431
7319
1281
29985
15706
7382
4119
4772
446
27929
27200
14742
10717
26141
21072
4686
20033
18836
8518
30621
27906
12675
3105
342
23100
3817
14325
6157
5312
31649
21565
30238
21258
25481
12147
14834
23668
18660
31198
28029
681
10237
10924
9995
20315
15886
15168
10045
14905
14175
11469
6222
31515
2226
3108
21147
19584
30687
26570
19043
12859
6076
27726
2763
6249
15167
6873
25125
24230
9191
19975
9073
9089
28503
245
8484
25645
2117
3228
17705
17529
7826
20317
27174
4865
27322
29404
23040
23974
16495
17426
5537
10813
13441
20894
18937
10116
23041
17500
5698
27226
23206
9785
1929
2863
28271
2886
28010
14265
30346
20747
27675
3304
16245
26653
28588
19741
11875
23539
25740
18071
24033
3317
22864
32301
28089
20694
28080
29251
2583
27940
13010
2551
28138
8221
24780
1179
25741
11205
1380
32104
3751
5941
4121
22384
28240
6710
24424
9685
32373
26382
13128
25657
22909
18074
10487
4981
13100
15005
9208
3726
10696
6744
18525
11237
12923
23899
27202
32429
9465
2202
5786
19618
10850
29123
6446
3064
4970
19663
9186
32146
22967
14296
31546
14197
20619
14634
19486
13180
18594
25500
3802
13901
11102
5409
7017
8843
20769
922
21235
3150
5882
3054
660
8400
30597
30557
25439
13929
11020
11025
23459
6333
4850
30198
25964
25908
29778
28876
15949
2986
17891
9339
17501
18280
5407
27302
9344
9299
18084
15490
15848
25700
13786
25577
24283
22872
30678
17066
16054
1705
17790
9252
22834
8124
20718
19731
3814
13916
2587
15785
12045
11623
5814
23009
20106
17351
340
27664
4137
19364
25547
13756
16936
25048
4319
690
29942
14756
286
29267
28474
20641
1800
27439
8983
7929
3699
27861
2222
6102
27438
13288
485
3611
31461
25718
11111
20819
7748
11910
16109
5862
19807
8432
27323
915
19282
7794
17005
26906
15652
10495
11507
3129
10226
30554
29659
1754
6729
2276
22478
6795
1235
11187
20062
1838
1590
10467
19711
14834
11833
2865
17746
26754
31785
13253
13994
27772
7291
12624
30921
29476
10674
3415
9194
21850
29827
975
14853
11209
5943
22761
30030
29538
22610
16687
24574
22025
8306
4048
6487
27533
1913
7992
27618
1758
15598
10212
6396
25466
20385
31093
32144
18217
6286
18947
29734
27626
19716
4019
6173
17965
31751
6284
20020
31554
31474
21638
13904
7186
1377
1508
27257
30733
5197
19396
12069
7267
12409
15093
30905
21367
17421
30984
27213
14481
12161
3498
12719
13266
9661
24113
25771
29294
4991
1908
17290
12053
5628
2528
1241
24242
17610
31688
3692
5464
21245
13821
16290
14201
19345
11935
12521
19290
27912
30258
3205
32451
26707
2804
25742
13563
1782
30318
10808
12532
31848
26954
10840
12226
26296
18788
13091
1873
17014
26148
18232
7512
21969
18186
481
19081
22269
18570
4245
32267
20952
31515
26050
13609
4300
30859
2250
6988
3319
9109
10059
26150
10633
1461
19364
16945
15982
16187
23733
25432
13870
15775
19174
3571
17169
11284
3690
11257
28550
21087
23237
17009
3525
21994
11147
23338
19124
4372
3691
13996
26631
29900
20077
23150
25004
10334
25720
20298
614
23436
20759
9261
11192
32481
17276
2323
21764
22082
12742
5683
1524
6598
18047
4982
20505
6344
18281
21550
3026
4922
22906
31493
23664
15675
17957
14899
16279
8428
9691
25589
11239
21120
5074
24378
732
10899
20229
21663
23027
31421
27772
10141
24335
28774
32461
4097
23578
6620
22243
26525
7663
16802
16894
62
17016
5132
26875
5598
12819
17160
13526
12570
18491
7231
23661
3558
28516
17757
32646
23167
13350
4780
29460
25249
5022
11240
8886
31483
2322
29519
11137
16608
7891
25335
5119
575
1640
21604
17783
25045
31720
26202
10863
2977
30888
29936
5744
3480
30998
22502
23305
10395
23013
23352
11798
11686
4203
9715
17731
15178
16967
840
19147
28509
70
16863
3974
24816
10376
7534
7714
30337
13278
26249
5040
27762
29303
23740
24931
8122
31676
28375
23445
28891
21880
21897
14859
21268
5692
15408
28026
23511
1794
27632
28234
26237
2064
11522
26777
8249
15647
21071
27011
4170
17597
9022
29089
28789
32496
6090
4303
27059
10012
6871
28467
2343
17702
18118
26491
338
14810
20551
5733
2954
27274
4974
901
32168
20472
30474
18243
26626
27767
6706
21027
20377
27980
32
14665
22675
31578
11843
11324
29931
32511
28815
30698
27495
23353
14360
15084
19146
25613
18399
12044
7499
5161
9195
11268
28743
17864
30364
18313
1075
29398
24637
13960
14548
16468
25816
21424
2482
22783
27726
28464
11978
23340
2214
19394
13699
24055
30374
27880
9699
20892
3232
6773
2051
16165
2959
15696
24000
11078
1635
31093
25780
8325
21400
10556
13413
9373
15629
7646
3259
7461
25108
18741
26808
26477
32709
13507
10595
10153
5017
27126
27909
4945
3124
12202
26264
15047
31873
16624
18813
5691
1284
24846
7533
22988
26476
28871
3762
21743
30824
26844
3735
24853
25532
24018
22557
9096
30356
28918
11503
9878
25624
21151
24216
3570
14400
14771
30708
27223
27882
29804
6884
28782
21802
30300
26182
5874
21217
1967
30757
24594
2705
31153
24620
21015
2415
1168
5729
25414
4538
12898
18960
23816
332
31593
7428
31304
1647
30614
7933
17693
5873
18765
7519
30633
23931
9576
6952
25665
4382
7294
1316
10445
27439
2405
30308
12658
12117
18677
8428
20079
31200
7951
11948
24901
18524
27870
11954
25883
28774
7261
25245
22112
30911
25882
85
15794
2207
20025
15353
25087
24908
4539
11801
26090
5610
17665
27174
21616
30101
27275
22822
24779
23469
20742
11436
23958
23153
25478
32264
12083
29648
20240
28091
15722
21627
8539
22318
10322
17727
17623
27811
17525
18066
32239
20331
8751
2668
19851
30809
9303
16472
23770
1144
27169
26570
22094
14841
4163
7347
20456
22895
3415
4691
10933
3903
11649
12366
2969
6481
29009
1539
20811
29964
21483
2073
11169
10626
15461
19546
14350
487
7792
14277
18281
19528
3643
21214
12527
28793
19348
14409
22156
29520
2129
20887
15958
14864
28142
22112
25946
8744
9847
16786
12188
16670
27816
12552
6489
24774
26452
25439
3471
2999
21507
18437
1472
15871
17631
21906
22258
3606
30161
6748
20474
25105
31975
15173
3322
1304
23033
21720
9257
12570
10636
29333
4050
24767
32502
4232
31136
32159
10691
23329
19224
16049
27224
8511
10087
19206
22998
11406
12894
29879
2369
29715
18619
8220
7138
23813
3498
11070
24809
32223
29067
27023
12375
6067
5622
2009
3867
14785
13052
27765
24187
17224
25008
26557
6838
14236
28647
18627
27880
6265
8507
10820
5165
14999
342
3031
27145
18558
11117
2922
1544
26524
11018
21231
17569
13205
23055
3667
13664
986
24568
32176
13381
12157
13920
30659
12903
17220
22214
28832
29148
24060
30098
22692
14557
9999
28243
26540
16422
4953
17739
10372
24732
27704
25133
22691
17458
19682
26661
28693
7693
2556
20249
26040
11751
14184
8751
939
4785
16478
1935
24580
12412
17854
30058
19905
11673
13988
14395
23042
19199
22333
11852
10613
7150
10714
23676
18961
24786
28227
16449
19719
2410
11086
745
15605
8745
30384
29221
17501
12509
28434
25031
6231
17550
7272
23243
31618
15529
10878
15252
27968
2910
12755
11641
22819
30534
683
4992
23202
8265
9824
22121
26897
19391
2809
12783
32720
15317
3325
26442
5826
5682
21386
30968
32512
7643
12961
21437
30671
17492
1988
2281
4048
22025
17603
32217
9847
17900
7379
13504
8638
23646
2016
4776
11291
19795
4132
18099
3759
31153
7673
13991
31680
24570
13803
5289
23913
43
23826
585
31888
14052
6047
25791
5145
21448
13748
20084
9305
28455
25209
8645
6862
17115
10604
20739
8717
2671
26104
24510
11771
11911
20810
2371
6208
16251
8800
12387
24825
838
29794
31862
26541
6815
26422
18336
12419
357
11855
16979
2482
28224
453
28693
9528
21894
9643
24964
31439
4955
31645
20375
1565
285
21144
31782
13611
31231
26894
31661
6936
4851
21818
19533
15119
2510
18354
24083
32630
12198
23611
28797
12648
21119
27872
26938
1126
27175
6982
2098
2633
3167
1082
7366
9083
27707
20876
8281
16231
26828
7712
23055
302
28412
24642
28628
7324
12984
20026
2209
32602
853
28960
25594
6757
16172
23026
2748
24510
10888
11492
32021
18532
11715
30455
468
30335
16043
461
31459
18398
31018
6588
25361
27811
11047
31265
22805
22077
22439
21495
23504
4759
30008
8872
7123
26511
27535
17186
1569
17066
5232
302
27702
20742
17358
3837
27976
21392
6964
6916
1228
886
11363
30731
25148
6880
12093
2944
28184
21979
20193
30224
8235
32661
21016
10873
2831
24528
8944
26265
16627
7313
31142
17099
30108
25624
11977
19316
426
29461
30877
22745
11037
19225
6078
6452
22295
11595
14085
262
2275
11612
687
5550
21047
28861
15036
17979
6326
28175
17558
18047
21689
16603
32755
8292
11599
25987
25340
28548
5507
29048
8623
31475
20189
7086
25730
8543
29995
10573
21065
19292
30592
4778
29017
22521
8830
29813
9198
14231
8145
8500
17354
10491
3836
26351
8479
19617
7000
23853
26799
595
13145
20256
13618
17659
17684
5661
20472
30902
9214
30799
25807
24361
31735
24491
11559
9752
30087
32038
22132
17460
28519
11302
10196
6197
28995
10807
10994
32297
15294
30464
23594
20236
6583
28789
9710
32408
22218
32590
11112
19294
32538
26551
9824
13590
19534
4681
23649
11572
25562
24889
28439
13756
19072
26063
3068
25174
12566
2586
16180
28581
32393
739
28084
25813
15138
7647
15018
29555
16648
16424
23577
2434
22023
10478
8900
18891
4751
19562
14670
24180
14848
23316
24223
22996
26660
18710
8074
6534
14333
27136
21420
24508
18370
29885
24983
5846
15908
966
3632
29492
13525
26005
23381
26440
11339
20829
14787
7663
27842
21496
4663
28417
30848
2337
27092
550
29532
29923
9669
5100
9089
4433
12835
4375
28528
25720
4121
31801
32068
12946
3910
20866
22330
8317
13922
23768
14704
23147
7973
13866
27885
4826
18788
22530
21474
28103
10622
1114
2863
11294
30198
27569
17705
11126
30817
19038
16795
3579
25987
28707
1803
7851
181
26117
16702
17862
3721
9819
26878
8575
23217
6950
6426
5880
21789
22176
13487
28525
2660
14872
17062
21936
31589
32508
8830
18389
6190
22072
32331
20782
25117
4542
7679
8314
31044
3174
32745
20057
6418
17401
23163
26627
18480
22920
27472
4666
16298
27651
14190
22653
19791
263
8392
31871
13658
28662
29959
22999
22354
845
22921
12793
6702
17458
14506
29797
25533
9293
5187
22302
8005
31193
24945
21342
5995
507
20888
23176
10066
23890
11431
22366
1799
15055
8349
20340
14109
9415
10828
14564
20372
9286
31580
22596
13824
11943
404
15061
32486
4449
29525
8445
32362
20516
1383
27896
19495
10533
11769
27082
15967
13238
6370
32376
8276
19737
12589
8567
10229
18326
25557
8293
28349
4043
32717
4087
29145
15428
22339
30771
23945
15179
1574
4319
10184
4865
486
8761
15919
26542
22139
24040
19223
15446
13480
17459
22014
8589
13697
26993
17196
18059
30507
12224
30357
8323
30435
18682
7682
7217
19521
5349
26220
3507
10686
12202
8360
21145
18037
17545
6474
23103
5414
30922
10179
2139
27776
759
14540
9682
1184
16968
22536
21456
28117
27231
31972
13591
25766
5941
7875
16791
10006
23893
21592
30783
12070
10824
594
25364
30364
2384
23871
8576
10243
8281
17066
27884
24819
31020
11655
19345
27026
27366
18898
25994
1371
14248
27506
12334
16670
12945
27747
25502
25160
489
13844
28314
23397
20895
31246
23705
27107
2550
24023
25112
16665
24187
7702
818
26248
18746
27895
2161
9056
17969
4049
13796
12102
25349
7
30833
30804
30452
4908
32109
11361
5899
28266
26730
26499
6809
18724
6992
11219
17379
17114
17584
1648
24857
20557
10324
1479
31113
996
22043
25873
23315
13647
17156
4380
7133
19562
30856
27215
25672
13156
20013
26601
5410
13344
24920
137
7709
17627
16226
31731
6271
2064
30191
4625
31260
920
32123
31544
29825
21270
12854
21933
21619
22930
20242
1128
30104
13924
7962
27415
7795
340
22789
11110
22678
4607
22795
18302
6418
22141
11511
19915
19763
32064
9854
29187
8042
30271
26575
14180
2187
3924
7787
4157
312
12259
24631
5807
26525
30653
24271
17077
27999
17732
25886
16738
8654
26319
21292
20842
27746
31568
3126
18660
2917
17972
2820
10318
27373
31370
4215
24274
26637
16744
8290
9159
21580
32650
16538
2427
19798
7741
11857
11568
15602
23419
32159
10340
5428
25944
22370
10070
7412
17565
18760
18629
24703
23218
23594
11003
6795
30401
25756
18954
10609
17944
16834
4950
25750
9167
32357
21075
26154
2987
2117
23184
7446
13379
29105
4853
15151
5217
29014
17993
21424
22443
5205
23798
15847
1667
22168
25617
4142
25899
5477
1429
18205
20013
4147
21999
27902
3066
27581
6848
21889
30161
27478
28382
16818
21474
21628
26524
39
20148
12463
8011
23934
28100
24964
18688
30983
26991
15093
12696
20925
21521
6139
20986
8059
24175
7519
22172
19564
15186
7884
16457
8900
26229
23082
545
685
21153
32039
16609
13444
17175
10518
5988
11078
21550
26877
1130
19269
30525
19945
26009
2336
26043
9605
9153
29937
20389
32491
29796
1480
18720
29114
21622
14681
15200
23401
8289
23537
23752
1755
27980
3247
29779
29235
1949
20976
27698
9961
15036
21003
30647
22558
17946
1087
20593
15148
9075
28137
20121
20098
592
16378
24748
687
7375
26793
9818
31164
18854
28005
12959
20671
28518
8462
14640
10157
15613
2660
11032
23408
19327
3776
1699
9785
3366
13570
24187
6680
11671
5322
23569
10698
18278
17899
16702
13266
4829
25628
11563
17355
29177
31473
10350
32252
32182
28170
15477
26925
30860
12683
6696
2745
19002
26315
5066
2277
26818
12625
28192
18288
21173
22524
19670
12907
32432
1665
15902
11083
25639
17179
10650
19517
353
27773
9852
30137
708
21516
31980
23130
28499
18507
22186
31981
32373
9110
25332
21704
31480
13076
29098
3165
22357
2535
18864
3598
22326
5285
16020
21315
29237
268
18800
10682
21479
19953
10514
25375
7449
6010
19803
8925
19033
29581
4581
15923
25529
29320
3048
25226
22991
6195
28511
30214
13312
24819
20326
26203
29695
10048
15847
23010
21136
32088
3701
30444
14738
20277
16504
13654
7996
24765
21643
28253
9895
31802
4386
7860
10636
25865
31344
3796
3920
25238
392
21908
5437
30600
11970
26873
27667
6456
19296
12623
20159
31592
20081
21112
30314
17458
4342
8069
4021
15422
3396
27779
5443
20280
11689
12951
13177
28801
28242
14926
6529
14373
22124
16430
23445
19470
3210
18321
19066
26999
2631
4019
25674
8867
13100
24329
17015
9422
21204
6356
10509
6756
17997
20727
6967
32113
21698
20997
6405
28248
31575
18847
27244
25289
12373
3837
7055
16621
24967
14282
3644
15075
12772
28469
17594
32368
14957
17221
18882
3314
21081
23660
22987
20374
8816
21344
12683
15307
1973
6438
9658
7159
2375
9583
26649
20584
25993
24360
7603
7309
31361
29517
10850
21606
3454
3582
21910
32313
13822
10708
11346
15495
28622
26997
17527
5182
6259
12134
17733
25392
23497
26657
22815
6852
21482
14952
27790
4843
24657
4568
24201
2390
30784
14273
1524
8423
31838
28213
12390
30053
19365
16735
32303
6003
8059
790
16282
1219
29471
9394
14191
28807
31303
25375
26300
28712
27400
31024
17877
24635
7925
19509
3738
5553
20363
18127
31736
12109
29133
22019
8883
7004
29995
15502
18274
9632
27048
12408
21947
8589
20796
30444
23824
1208
8311
29255
13850
1420
12904
22127
13814
4670
13245
30566
4717
13316
18731
26143
23416
12930
29969
20368
11779
2949
88
21000
1010
4852
27293
15555
17762
20228
9618
28092
32561
25770
8097
16834
25280
10326
25043
19150
29431
9950
17649
16532
650
15032
489
24408
26491
365
8562
10499
2017
17738
3827
15478
9191
12121
21153
14110
279
21904
14056
21704
23257
31047
23821
16823
15414
2544
1297
21236
9954
16386
3288
6374
11130
25654
27275
34
22282
5878
9786
29828
6610
11282
5830
14975
2890
28342
26110
29361
12131
24985
