5000
7486
8551
1458
22512
12168
6840
11374
16872
5203
19575
7696
25257
12891
19906
29511
5621
17639
16657
1986
16269
31811
17106
15941
20215
623
11088
19196
12413
14361
10201
30735
20345
15817
28448
6262
3536
7516
5344
7439
21693
10163
16578
32750
8912
23212
19585
31220
15158
25425
3404
13987
23098
4176
19564
31280
4876
18604
13094
28122
15041
23217
11747
1659
1180
14125
2702
14685
13196
27869
22078
29518
1269
30758
15893
1527
14515
15109
30568
32617
23133
12617
29471
8185
12230
13568
24671
25166
28874
26415
16999
18872
11335
4294
7608
27331
32361
4050
121
25101
31787
9461
27161
11604
30746
13587
22070
6867
1116
21327
28350
17103
22002
10038
10580
16237
27962
825
21493
5830
10168
16225
21723
2877
7957
11326
8609
17937
31080
12833
12713
4142
3765
28811
28603
3401
1971
29156
28398
11563
22995
18288
26316
18253
17533
8576
15025
5286
13213
14309
4212
31681
11102
5802
14921
25362
8501
8963
30694
32138
26146
27776
21221
17769
1587
7814
6762
6484
16713
9728
16901
12199
286
24402
10202
21516
28807
24718
1535
9037
6135
13291
4901
14694
9029
5747
5755
1503
13487
3835
29391
14936
26910
29016
27894
1894
29100
8656
12655
7069
26211
11471
23875
6382
13895
1755
3631
29748
22679
2250
15877
29449
9041
31795
27984
15326
27380
19490
24887
11339
20361
11792
30884
27043
23268
22290
23717
24524
21544
4432
4114
8781
27785
17849
8816
25513
10582
19957
2581
30444
12086
8859
27021
3971
21170
14757
17469
13136
4595
10529
26182
4862
23501
25129
940
15506
18429
6164
21176
23619
9391
10222
9626
32652
32068
5158
18259
3711
32337
26759
8146
28508
23275
6761
25437
2146
5922
14633
20787
5093
23499
726
17776
31393
14211
12589
8752
10318
28912
4808
21495
3701
20042
17554
30033
18817
30234
8062
21941
7193
19778
11897
26543
13485
30270
16541
23103
29007
21929
27559
24956
5573
16387
4779
29308
10204
13489
17670
30328
26111
19013
2453
14636
3079
12288
27172
5757
23125
26773
21289
11102
4894
8752
7091
3572
25095
20407
18845
20728
25074
26448
26119
22110
13591
27171
30214
13620
25430
6497
27547
14028
29387
31877
8930
12061
28324
7386
16268
13415
20527
6717
32399
31254
32311
32036
20508
21225
22161
27103
19922
7763
30194
6430
24881
9506
12804
14772
11857
10590
31160
8090
5844
11636
4061
25655
26905
13971
21490
23518
4018
3671
3384
1177
21785
18341
27660
21029
3998
2774
13684
31549
18852
27927
19704
11292
14861
22287
4275
16957
8435
16067
15273
30053
23705
14519
16987
4579
19105
9302
23961
10262
18815
30612
14232
21809
28205
28114
28484
2363
16928
7682
26071
28250
7548
15371
2731
21840
29060
2415
6476
19270
5972
14635
32210
15561
30418
19167
21358
18962
6626
8494
12610
12426
32729
22376
14710
28045
17717
6758
7816
32366
29579
2230
4835
25020
3520
24057
22196
15812
11388
28040
22521
20567
16092
12382
6362
3022
17255
27186
20541
1354
3396
10723
30869
6209
27050
10521
16634
25398
14743
20266
5247
455
21445
23354
11200
10221
17114
31143
23738
640
13278
18596
7392
249
10483
4131
26987
27772
17472
12537
2545
28694
16175
3900
24889
30275
25048
31728
16462
32691
3773
25059
28626
22349
14007
14806
25493
18293
18736
2525
19558
13450
29843
29705
31785
16563
19201
6211
20522
23772
8006
19835
5553
27387
11787
30211
7383
21912
26444
29493
28055
16524
27661
31836
21288
14089
5193
23762
12682
31450
4396
23909
22880
22764
32642
23807
19965
9998
32366
23687
12737
20213
7775
514
19622
2691
15424
22270
24854
13641
7407
17968
17152
22346
23793
7260
25898
19713
2148
4213
20681
12454
28468
5894
15183
26798
2450
1232
11908
32657
162
17588
30424
10447
12148
9428
19447
5941
12342
32502
26527
2140
18856
16425
32430
10612
20688
5034
20608
14655
21230
13576
16503
2912
7090
11655
11739
20694
27565
194
32229
18884
29446
3221
3094
17523
25710
8250
29901
3481
13397
3762
28185
13788
22622
16487
8908
20626
6929
2063
17361
4043
22481
16083
17343
24977
13069
27569
28845
29294
8890
31263
24649
14639
23296
17393
25124
28648
29491
29308
27728
7736
22278
31484
13869
6350
22523
14899
30080
6700
29470
29523
29125
22699
7923
13854
25031
15808
13741
28748
18285
8829
20384
11821
15831
13659
8697
20111
28073
27958
13741
11746
7079
11673
2735
3226
1411
60
31590
13525
242
1995
29790
9022
4357
4073
21566
14129
26039
24181
2042
11808
31171
10764
14153
28213
17080
22991
5466
25656
10062
29286
10690
30900
12283
21573
9658
24661
9666
12077
6535
19349
4940
20214
7737
14743
23609
9613
18328
29267
24248
13881
29276
27636
21333
17954
17052
8062
24339
30227
26249
4276
3003
10623
29020
3385
6771
24258
25229
26357
25746
23722
11590
11706
16051
22838
21527
11304
4617
32157
27883
11214
8178
27538
8507
17553
9166
10183
32385
15186
18193
3504
10992
13259
7063
12425
21090
14778
4152
19866
24466
25922
5021
13242
21899
7822
22865
17426
23904
17591
29979
28707
23582
15336
16524
22795
9471
9920
16084
29699
7136
20215
29402
22573
23541
325
23435
6541
14012
24703
2673
21844
7983
29700
2184
21349
21822
30039
32078
24850
25980
8461
19482
18726
20761
3818
7086
3369
29200
21831
31759
17375
28577
31670
7829
16658
22274
233
21566
27281
11346
30672
17991
24185
1998
2
7422
20147
4935
7518
2258
13758
31700
13042
25004
18607
11204
9500
20610
19062
24790
26350
14121
9314
29357
30423
19050
26600
23934
3712
4697
7584
25868
2549
17634
1424
25558
18949
11941
11437
6798
5611
7684
31647
5070
16430
1145
8901
28679
4805
16941
1913
11706
18047
20423
5781
16874
2466
14978
8245
5329
22994
9859
8383
14034
13621
19305
6945
25007
26325
7973
26714
6652
29254
8972
8252
1235
25224
1834
32624
17866
46
6106
28346
31010
12992
10644
3966
7745
4447
30469
29060
1634
26279
9573
22008
7052
11226
25349
9141
5056
16186
21543
28867
25719
22966
16915
17693
2636
1993
16487
31416
30965
10656
15535
24258
18295
15995
11317
30759
27802
32597
19483
5978
8091
3271
10150
4946
12578
13354
22749
22483
28787
4092
14163
10478
28904
1924
26945
16331
17311
29113
2775
9382
31088
24417
24532
27160
290
20598
17237
11672
13790
22733
18922
321
12771
30714
18927
8918
14716
10350
15898
9219
21039
27106
13904
26597
23096
19193
19133
6605
13366
13856
17699
321
23331
1465
29810
22340
29321
9082
24218
216
9971
14095
17565
21184
29346
10247
11496
17034
6786
30445
26595
10445
30557
12725
17095
30896
24397
1883
23728
4267
17271
16070
20979
2194
22006
5362
12721
8399
19478
17998
29100
14062
4291
18275
21594
25440
31553
28855
30008
9336
24093
8689
28513
15034
611
8253
21087
6741
25361
13298
22849
5614
15564
18803
6125
9887
17874
6483
4792
30016
8752
7100
29748
2277
26677
19217
21833
16039
18726
31186
19336
28328
12851
16320
12731
25169
31146
16962
24257
32734
27755
23560
16025
20253
20380
26606
444
15218
10909
13091
22192
14111
27966
23178
25050
9154
17968
5984
26516
9247
15802
16160
23679
15136
26797
31395
20506
23578
18330
30860
26004
20562
9794
7907
20191
5568
3918
32768
32262
6931
10305
5803
192
31989
2474
3457
14917
10383
26526
5530
28512
1872
7781
4200
22726
6122
30580
4322
12198
6302
15003
30690
26753
9914
24448
12236
4156
30560
29516
19313
32628
3464
1700
3123
22545
4424
14299
4969
286
11348
11622
17157
5336
4033
5264
4468
29956
1806
30831
21701
31110
15460
1302
18702
27952
4637
2828
22027
19672
13700
22269
22537
31917
20187
12720
28674
26571
29347
7225
7946
15884
14359
7280
12521
17441
6394
11681
14858
27106
32402
10629
11412
6883
8181
15729
18646
32072
5507
16334
27880
4826
17844
31177
1935
28762
3860
14667
12898
32533
21387
16172
14123
31928
18658
23972
1168
11622
12931
23298
22003
29704
26752
27808
4758
17636
20439
24086
10243
9842
10229
14510
25515
13418
20856
32536
4045
22818
29241
20831
22425
12567
6794
3356
13974
19657
20412
15850
30529
17613
8165
29209
1271
21533
8927
18343
5396
27826
3220
17771
27485
31317
13433
21652
15771
18354
13913
28242
31369
14766
4180
20947
30704
21754
25127
22129
19473
16872
12718
11818
22083
17022
22695
11344
15069
20170
32696
25729
22102
19316
19124
13786
27563
3738
6682
5736
4609
9943
1502
13023
9612
6309
30060
13967
16303
1510
30955
20371
31333
29629
18366
17228
735
8866
2129
9998
16239
11446
17682
4376
3236
24147
12989
21962
21943
31976
11229
9490
3109
28676
1424
7208
17054
176
8586
8059
28446
8962
24924
4331
6234
32239
24310
13880
29277
9569
3691
25530
11891
14985
11509
16211
582
26231
8505
12195
10823
25320
12492
19322
27471
1375
12021
23955
22406
119
2229
20607
23173
20343
20996
5855
20663
39
14430
25558
11781
20194
32382
18366
30642
18669
25962
1306
5507
26887
9903
12748
15908
25153
25582
30857
711
3344
12183
3721
15886
10913
4853
12675
27179
29292
13675
16856
8774
7692
2301
19727
21278
26446
8209
7297
24308
11400
4215
7253
14501
12076
1960
11951
14870
8348
29771
16165
14804
28992
26878
10867
9212
5591
7250
20079
6745
14090
10775
22079
24525
32583
31195
5833
4850
31436
28333
3947
31744
15874
17447
25324
29170
17933
15531
23731
6884
18337
1260
22071
3008
24599
28848
4279
2841
23744
29909
22315
31575
3193
658
31866
12309
20351
10240
2541
12999
22917
6617
12772
15008
23044
2687
23240
23475
32467
29248
22080
12632
1271
11480
6312
2001
19388
4151
1215
18733
7685
24709
8095
12653
9696
17764
16627
3558
15965
9333
4964
3046
6049
1309
31060
23194
24886
24969
10703
9263
28325
2287
6590
8760
2631
30487
1374
20816
27224
17691
11761
2048
31821
5995
8116
29923
31335
11539
5136
18439
32649
29761
17428
2967
3399
18433
16163
28599
14399
15180
6634
3504
28332
5441
2453
26189
3384
25266
16195
8069
13842
16610
6071
17753
7745
17805
29520
4608
17720
10281
19003
322
19114
4204
20711
13090
22175
11790
16569
25023
18376
32208
6402
28284
7183
24509
27694
19039
18291
25264
3390
15799
27923
26902
12664
21250
11912
2805
23132
26893
1400
22830
7131
12381
23400
26111
4804
6094
21458
14027
8063
27770
31864
798
14589
12508
22519
25836
27631
28470
30367
24089
23094
2863
4482
22334
20123
22209
23499
31659
14529
28242
32338
5800
9559
8225
29037
22017
1682
25316
10504
5569
24795
8112
18168
6461
12229
21272
18316
21844
5953
18841
23653
12278
13589
31542
27016
22755
9866
19039
22706
8117
5733
10775
14060
27425
26393
28502
20574
13690
19771
20908
15976
12918
28214
24360
7151
565
22336
26488
21493
5503
24717
8785
15981
10062
20674
5394
32589
28556
21676
31652
23524
29469
7986
14500
31342
5408
17800
4292
16358
19826
11174
13678
16411
10356
5369
25259
29702
29711
11608
5188
10843
15861
7737
5671
26206
1833
1061
29707
8440
20673
22633
3159
8202
26091
8975
19008
22529
1838
2316
19250
2987
23282
2747
29554
7753
18243
1674
13825
19429
6354
21492
5059
15333
6972
2735
5600
8673
1679
18982
18283
24754
26123
5417
29250
25547
23589
5603
9013
8909
26578
24077
14698
853
3841
30562
1279
3352
4713
22611
14578
9267
3718
4347
13374
15804
11742
17493
26183
17053
20617
16813
21112
5282
19696
21076
30507
27088
11733
3992
7113
29177
4500
21747
18994
31373
3752
8835
30559
1203
16752
954
8006
408
26419
20055
22525
10503
10851
19861
8227
7739
1054
11682
27772
22257
22266
15186
14555
30913
9986
19477
8261
8365
4860
25127
16467
18683
29422
24838
27608
16704
16352
26153
28868
27838
10466
6639
30024
15087
31057
3286
12347
3682
13399
29933
189
1478
2481
24460
10522
23365
1973
11074
12529
19987
11923
24079
12949
19014
18651
11219
6067
17128
11583
16647
2357
29258
19867
9643
5735
29852
14130
19583
22360
28859
26682
8822
3716
17226
7836
12904
3503
24580
1013
12551
25108
23888
23264
1300
3007
24086
4471
8147
17464
19922
23831
14780
6241
8935
17252
18291
22945
6965
13453
15098
10818
9965
6866
25894
10520
30116
835
2895
100
22951
17354
1356
23543
30095
17003
30622
2715
26645
16843
32236
20142
27175
22255
22960
8720
4923
27719
31023
28992
14307
30187
27310
4545
5793
15140
4067
30659
18173
22830
9642
28415
7894
25404
29689
23267
502
17341
14870
16879
20457
17118
11015
10335
25614
22096
3659
32266
23534
7755
22727
9098
6093
13267
20995
19101
10623
11322
6550
13771
9597
30182
8415
6985
2616
29268
27894
12062
12717
29021
13538
6276
314
29112
12301
22161
19376
19137
10485
22550
6569
9080
10275
19144
19484
23245
19297
26013
19758
17691
7464
12921
17227
25330
88
6922
31350
29977
1067
15600
30685
4563
13420
18722
27569
8034
14820
29325
30004
22474
24342
12286
27924
14807
19756
21825
10743
2913
5424
18315
29527
20687
22911
20757
5776
24026
11131
22538
21047
25492
29057
31907
2990
8104
26907
25232
757
4323
6518
10651
30915
21747
18966
22920
31446
4975
20936
17727
19079
6680
20952
10541
4513
3679
12677
2279
22899
22567
28082
4112
30756
10699
4318
31358
26695
18787
26454
18328
16047
32579
17321
15618
12933
19909
26461
31869
27543
22089
25568
12552
2803
3961
1985
5963
8629
12498
11296
25910
2589
30560
30308
21734
22245
10184
25132
22216
19665
29068
10119
12032
6791
6027
20839
524
17057
455
6227
5284
27649
7275
21853
17125
3172
10253
8532
29359
8506
24368
29754
1356
27318
5389
22776
3154
23841
12691
2385
17866
15475
11948
1557
9105
5668
31426
32663
25087
3392
25730
8800
29127
11450
29663
7205
14622
13314
21594
27895
28704
4569
13441
22714
7279
357
16054
3288
28701
32128
3890
20023
4044
32342
19274
17256
1043
13615
15856
12065
23076
14985
7548
12013
14252
25194
24237
21026
26107
10996
14570
7443
6245
31034
16334
19592
29160
6226
13796
28011
3599
11948
31919
7364
4373
7585
17902
1000
846
32591
27165
25836
31683
13989
2111
19296
24092
17850
21211
13626
12228
24163
11845
18449
18503
24836
1054
26252
24831
15782
28702
14873
18415
27466
10769
1250
14831
27005
20768
20477
10250
45
31826
18914
27684
12731
13395
26915
12511
4945
14963
10071
4288
32630
16625
26711
12430
22240
30842
25006
22779
17289
5869
5706
21383
12805
15201
14968
3744
29970
21353
5135
19726
18289
26007
10986
25742
8180
25918
23964
20413
3033
29564
11872
5944
854
12664
23631
22018
27765
2025
7382
23846
16418
2008
2406
15005
1410
18598
5485
10097
6023
26448
8326
8483
26818
2802
30956
12875
14712
4746
25141
11902
29687
20479
29757
25972
9002
29794
26208
4458
14188
4467
6892
1222
3482
21607
32469
23290
27756
24040
4523
12458
27653
23390
10698
10001
31688
17773
18641
13985
31342
26558
5205
5353
5205
5635
18134
12732
23579
12853
11505
3984
20844
26656
728
31524
18968
16930
17920
26214
29033
31536
20249
27283
20915
12825
18499
13728
7212
25103
21375
26329
8958
17507
30051
7880
14747
32656
6163
18008
28497
18299
14956
20794
22558
21241
8066
32648
22469
19090
4685
25256
8993
5253
4511
10612
27578
8715
30809
30615
27030
8672
30175
19514
14162
15360
27337
15329
13425
15022
32220
399
25075
17595
32056
11057
27945
3333
24530
25913
23753
6974
31525
10634
5182
4591
16677
21908
8513
5564
6773
27584
1965
14825
12505
1038
32655
5661
15854
12284
22909
26982
12825
21931
32042
28286
18365
17981
13879
17741
22193
4993
17227
5550
31729
26834
23397
20342
27027
27452
7537
11187
29437
25825
7706
21297
10582
16283
2016
20035
7226
4835
362
8639
4786
18674
19997
15691
20579
7973
23789
7895
15109
1446
14707
20331
29719
8777
4928
7459
15057
31412
20338
13944
10843
2499
22661
2752
10300
17451
8299
5112
5909
20573
2270
28098
8591
30125
9717
23978
12690
1715
3829
12461
26552
19185
12650
4604
9985
11191
23159
16125
2248
10308
27243
15507
19701
21806
26260
29087
6773
27396
23896
19143
9191
10289
20609
19318
1176
2595
6617
12323
27058
8621
32247
1495
23472
1706
24920
23273
15381
12004
21426
27916
19294
11316
25988
30861
19253
5610
31730
3285
4327
8558
5840
2613
7192
11816
15613
11491
1462
18590
754
18751
23339
26844
24474
7515
14807
28697
17253
23483
16061
10647
9624
21337
7804
21195
31719
22764
31106
28350
20549
21866
16508
26803
26875
7628
15632
18954
14071
30737
4815
1892
32359
29061
19557
10504
28039
27203
18707
21126
5559
31225
7776
28058
31441
4587
16907
31826
11449
59
4163
22131
7990
14439
538
22042
13312
1299
10296
14239
11034
1801
15820
12478
28001
9598
26569
761
25958
21399
29774
3384
23161
20267
11877
8371
518
15563
6641
7441
15141
17663
11234
6097
10348
5843
21163
4842
7175
29586
25334
1710
2571
10194
15510
17140
29960
5552
15293
27510
2270
13405
19055
4984
22481
10458
9782
15531
28127
23551
11800
15696
11856
12738
19654
20896
12176
17846
21270
23660
2362
20690
22195
6913
18549
7284
26899
20558
32387
9893
15018
11081
7575
23455
32350
27790
6119
2189
8506
3913
29955
27537
10854
31063
20837
1291
22359
30376
31817
3609
18499
1000
10175
14426
20696
11358
24318
6904
16685
32532
14075
28901
15097
24376
27962
3172
26371
13250
26852
9164
7897
14935
21019
23432
24261
365
13194
12643
5117
19889
23104
11523
6938
28325
26558
31154
715
18062
19022
19813
26315
2445
3991
16630
30480
30732
17775
32181
32582
6235
23792
25631
635
13211
17358
4077
16156
6620
10215
23889
12064
29058
6428
21372
22659
5613
32096
6243
502
18777
2830
20931
8149
15874
15744
5986
3417
14988
30685
23193
26127
23971
18994
26383
5000
17631
3269
24775
25426
6890
17830
25437
14632
20708
3206
9868
12646
1798
24780
19444
18368
26758
9702
14874
22066
32443
14813
10417
58
16258
23085
16920
24134
23264
19155
32291
32104
3049
29607
6686
1873
28896
26604
21007
9853
11935
3110
16188
31403
25401
20011
32749
12688
11231
9085
3187
6092
16896
16855
23913
13853
29620
17926
18234
20179
31579
15610
12004
20356
31361
17181
31739
2816
7174
11748
27632
20359
8571
29603
10899
11578
24526
17829
21463
208
28458
4220
17109
5770
4633
22166
21012
31081
6124
6417
28936
17054
15964
17104
13016
32066
22129
18895
14949
29255
12451
31411
10119
28847
5184
8870
27033
26107
17933
2913
6969
23271
25136
32138
19273
10324
3405
15681
22329
30854
16624
13558
14985
26767
14123
17021
30601
24075
14720
23140
32100
25870
22272
30084
12124
10843
17845
31958
29015
26071
29502
10120
23963
18749
2233
32592
2006
18194
26086
32513
29025
17884
22408
32604
4805
5007
3343
26152
7807
11592
4469
19333
24832
12093
19302
2429
25080
244
18595
27100
10964
4532
22696
26177
22149
14650
14989
11894
20100
4268
25130
26877
22803
22483
6270
25067
23749
14980
31570
7162
32064
2655
8217
30681
30018
16573
24091
26054
20962
23779
978
21855
29465
29308
31636
22453
30080
31814
9075
10147
26971
18187
23650
3166
31447
2259
5273
19020
28560
30808
20794
5658
7510
30906
31540
15881
15921
11636
29543
32136
17826
2703
12810
12040
6956
13589
30026
20492
24083
18377
17204
2943
5732
20501
17109
15947
30517
5956
12448
10791
5678
3057
29200
19120
15433
24511
3214
188
13269
11595
916
2027
14273
14943
25107
27263
26647
10857
29458
26477
26567
13611
28056
32435
1958
13747
6093
6125
8886
9614
9564
30499
4008
22585
21787
29670
19359
2776
4590
9883
16951
7210
6889
22
22214
189
30388
32619
4834
18270
13876
31232
7715
16852
19047
10727
25385
9678
29072
30315
1505
14873
32661
10985
3845
25622
1445
4066
28898
10604
7453
6733
18782
31226
22957
9522
1337
22032
9911
26996
18579
9438
5111
10223
16559
20268
21865
14786
17142
29260
31335
31470
23871
16205
8210
17185
15181
23154
8948
24780
1433
20194
5092
19067
7506
27297
29737
31334
22947
5823
31970
10307
10804
32720
30117
21855
17139
8860
24166
24301
13588
4375
28826
2718
6486
915
15261
16754
12169
2612
24657
27853
5965
29348
12297
10701
1564
13833
12965
18139
7819
820
22526
16256
19660
14619
22660
10874
19576
25994
2341
19984
15243
7189
9841
20130
24241
14673
23292
11140
31424
26180
1284
32269
26501
28697
32596
12010
16323
18456
29032
5560
21113
16342
27346
14035
14692
21929
19933
4968
14533
9567
19823
16338
19556
20784
564
13347
1493
30448
23288
2816
8186
1418
27733
8883
27593
1705
25487
21627
31311
12472
8380
13862
10229
21773
15400
6626
27907
32353
31479
16465
5986
21380
30476
28891
20902
4686
32298
27720
6988
14041
27737
28046
5695
8941
1420
11495
19873
22972
4736
6439
22985
9168
17639
15181
1416
12097
9926
30808
22705
43
6428
9564
11224
17759
9668
8660
10585
25945
10396
27706
24477
22387
5095
25813
18584
7512
21488
13011
27286
28858
5617
32663
30264
31048
30258
31828
1465
7898
22901
26075
24950
19439
30098
31409
28078
13402
19807
5989
9606
29752
9170
27936
18256
6949
10858
1662
5644
30640
28362
3740
21551
14092
19368
3699
23460
11528
24805
5220
30481
22592
22269
31251
24667
30357
29090
15481
2156
15836
13732
6709
3124
3283
9748
27683
31469
10329
23721
27696
20900
22750
354
24173
20469
31768
25965
20578
2582
24311
17736
25252
23575
29660
30246
20650
8807
14598
660
10972
23451
25420
31324
30445
5995
8466
31146
10859
22269
2422
11117
13204
16999
3018
19200
1132
22383
29511
26890
21516
30100
21247
30627
2621
27475
28180
25016
2373
26787
28712
12720
18945
31426
2580
2895
32308
30003
18141
31963
11551
27656
11492
27518
32338
9053
32604
7916
9921
6181
13313
12357
11290
1577
28935
24637
29270
3917
10065
6266
18319
26645
7396
7230
25105
11625
31643
11333
1203
18325
14364
8689
15720
32404
25866
17828
29201
9102
18045
25709
12181
29599
14767
26856
28468
6106
17656
31583
17944
26254
25596
27957
13101
18887
25635
29573
32563
28440
25929
29958
25362
9368
21175
28466
26733
1835
26706
13991
14457
26115
6163
5837
19728
32614
25527
5305
14337
31409
32440
22865
29867
17309
19579
1713
30666
10945
3787
31950
29072
28504
22662
20825
30200
5701
6294
32487
32599
12884
20771
3918
32563
451
20231
17746
29017
1281
30083
2433
9514
29365
29232
7771
12598
11522
27960
24502
17676
7177
2501
4449
19791
4528
19130
264
7693
6818
12194
32599
5965
24728
7653
29794
30695
470
27202
4933
21145
504
5753
28935
22870
14318
5960
709
29409
23878
13977
18188
20123
8873
26106
7814
27290
28073
5453
6105
16378
9146
25025
13004
2424
9853
12545
24236
22588
25925
3243
14318
27383
10196
20995
18709
31534
30309
2537
21206
29910
17136
32008
24442
19488
14249
22609
9605
26006
20169
30120
32149
17511
6034
7388
28556
29439
19597
20701
6897
23003
7959
32041
32404
30876
23579
6024
25457
13658
20001
2553
28375
13882
136
30956
8138
31043
18447
14769
15269
7789
13467
3377
28164
6139
20532
29404
8160
13579
20304
10210
18940
14956
5716
9894
18048
32175
14424
14960
26084
13953
21290
31585
19216
31288
27798
18093
21186
5547
13541
1796
2607
14663
21156
24913
30957
11103
7079
6567
16912
29892
24397
17528
24724
15254
9732
6153
763
16473
2576
29218
18998
12619
3465
26122
28617
18421
4515
26291
5931
25857
21299
24881
20075
7755
4206
23408
537
29499
15347
27431
26724
6993
24844
6408
10112
8961
7472
1082
15179
19138
21197
23048
24111
23650
31045
30171
31050
27292
11830
15717
24524
12012
27647
3360
22945
31138
2432
18679
16721
26678
26401
25922
14628
21979
27925
31736
15241
14934
16096
16928
2744
27409
18454
29065
17303
29291
1638
31419
6106
29011
13528
4909
29551
16149
15443
29625
4377
15219
3426
23372
16987
1784
18231
10722
28311
5513
20465
10162
3447
20285
16922
19621
8332
13167
21364
7181
28725
12817
6389
26772
4035
12098
19472
5234
27866
25891
30006
8676
28186
6119
8093
10201
25855
20522
31296
32494
22278
3972
2599
15004
25106
13149
20968
17072
16397
31235
4718
8444
11730
24057
2297
22349
14667
15251
20070
20893
15062
29887
15281
18569
32238
1830
30648
10245
23815
18548
4673
20046
21689
15603
20543
14112
21025
15455
3409
26410
16517
22774
22156
11199
6710
15566
8826
718
187
29035
19042
16148
8235
17809
10442
15504
25051
17751
315
14647
12857
30845
5444
9706
24056
23295
2753
933
19054
17386
1886
8441
3386
11887
9558
19388
10025
6454
9601
19199
26203
28661
653
13632
13217
13120
18827
30433
20266
21155
23470
7385
16479
27886
32080
14250
32011
27344
22070
27283
3007
10151
18197
31494
9589
7319
14421
29788
6771
16857
17940
13256
32370
6742
28014
28809
24576
7541
7932
5220
3875
29489
23194
30802
14143
13934
14446
22902
20537
12685
806
6737
10973
18750
18304
9273
7293
2453
32016
32007
3547
2401
11326
25873
29002
6073
13710
4440
25615
26583
7716
22018
32525
12074
1415
21770
6818
27046
10405
1334
2508
14431
5655
9545
4240
3670
30631
28538
6556
8082
5391
8486
28459
18035
29700
10946
31529
21316
14707
7187
21143
31247
12299
8353
4146
21173
6139
8297
16975
7997
9213
22738
28682
19565
18323
482
31135
24727
14992
21426
22552
19638
21979
31
41
21434
11632
29891
27736
31775
2983
31012
4704
16324
12729
32042
18392
28155
384
11223
23056
29660
29822
5682
23868
32480
1057
2692
30420
11691
26437
27591
10042
17192
18683
7516
22174
4059
23689
22268
10527
1395
29362
29937
24114
10399
29751
6278
16200
21795
26013
11452
25003
2091
22577
9022
16297
9439
27722
32151
27893
26423
18638
30371
27210
30993
11255
24643
23633
23937
31063
2389
10693
9832
26906
16356
17621
10312
15500
17307
9162
8278
7131
15488
11497
209
285
2527
6555
22419
21652
32131
5323
742
7729
22316
6288
10392
28760
5182
20236
9042
28643
26551
31380
23077
7529
28259
10512
13926
17344
29523
13989
11196
12224
22667
25490
1655
5450
30715
344
29731
17801
4273
31518
31325
6776
5196
15699
20454
15269
26804
16533
19446
8244
29192
15314
24531
29222
30936
16813
20129
14044
16533
19747
6012
24790
25157
366
17860
11969
16251
8489
7096
31665
8583
182
19271
25771
22762
30685
12578
26470
28941
5813
17942
24146
19506
8648
15001
32218
15274
6514
28835
14054
26696
20618
18367
8869
7959
22084
28513
23433
22088
14166
13178
26515
32366
23130
30538
6096
29678
31604
21109
292
9392
2868
1114
29254
15899
29886
12704
2828
30529
3880
8209
22761
19286
15907
25772
7348
14439
1502
14325
7594
22088
5671
25744
11703
22991
4308
1038
17137
22591
3937
32263
19045
24327
11226
32105
6167
13229
4347
20495
6212
20485
21911
25750
9706
28326
10038
23148
10891
15262
2050
22569
27437
32101
9188
7203
9893
18960
234
31548
26901
7367
3820
16895
14516
24441
23151
11244
32717
15566
26313
25871
22539
20062
29574
18904
6899
31520
12555
22822
23474
6693
10361
3237
11801
11654
23252
2906
24294
18843
23397
27260
325
31853
26972
28806
30102
18798
19642
3722
19825
3432
31342
968
12519
24244
17342
24447
10507
15788
5353
21763
29618
10594
1803
5648
17526
27795
18752
10078
5889
14038
9484
25461
30344
22041
8699
8131
24213
9294
3204
10220
6410
32098
25651
865
15715
20847
29960
14644
13627
10034
8218
1579
27153
8895
6015
14611
77
25715
4464
10582
17278
21547
13993
31696
10214
11443
20495
10719
1336
23426
30613
32441
28320
2212
20576
32515
19460
23287
2602
28319
6282
19610
13284
26821
27226
9123
8607
15957
10149
25360
27052
3691
3302
18433
15618
19764
26727
10020
7905
11521
12039
15984
16309
7578
20028
20246
32573
21973
24404
5044
23020
7015
8192
26316
17808
15609
21522
11638
16689
29311
29830
23121
7228
6085
20415
7359
14561
30026
32532
4178
19897
2898
21899
129
27308
4919
11236
5280
17682
11008
11738
30735
3864
24372
3237
21169
24165
1777
15043
9631
26110
9784
5368
24606
1895
19083
7316
16591
32524
5562
9972
22310
12255
27386
9803
14621
21057
29239
28579
16682
2598
26027
8734
26734
10356
23984
4994
4399
7085
3794
26100
21896
21454
11817
11012
11871
7543
28646
14314
1688
14411
21547
3855
3720
11418
13856
720
25517
9278
20803
30078
24732
19138
12543
23209
10554
30922
16001
23966
18223
11950
24775
20782
27288
8809
25337
19633
8956
25778
5373
6731
9346
24936
23110
23150
28001
16179
6892
160
24471
25193
19202
3455
8926
5934
31780
10754
25308
9952
11599
2049
15770
23730
19701
11256
30263
15766
8529
1032
16350
30561
2809
28734
13557
19241
21938
8216
20119
30450
2951
26949
28741
25226
32285
31661
23512
5042
31297
5809
8634
11646
22979
9140
24918
32511
26503
23002
28109
25887
18905
20239
10987
971
26369
6732
13913
6744
30743
27413
12564
30495
15897
14919
15645
20075
3387
30736
883
30870
8830
23359
22078
23406
30596
13758
17229
733
2211
29276
10946
11466
16696
8144
11788
19514
574
11515
2838
18363
30495
14958
14270
30466
11465
9516
20873
9171
7941
11953
13717
4641
12292
26163
21711
21367
15931
14119
6245
27030
19570
16647
27263
31840
28695
23635
14122
9972
31191
28886
31124
8219
3184
298
10623
16867
5568
3966
7408
13449
24098
16279
12839
16540
8699
23061
21972
3168
27024
5368
14728
18545
4891
17762
20074
4008
17181
24222
22571
32322
12021
25186
11324
17471
30130
9809
28990
14089
31526
4804
29370
9814
31035
16074
23826
30799
15243
3438
30135
20722
14634
12344
9117
18613
198
13046
23532
30316
10995
29883
18169
20588
18112
12841
12660
10481
29838
1260
7651
18877
8994
31879
2638
29442
8952
13395
15932
16770
986
2756
13535
16373
28850
24047
30604
10155
32157
29001
31854
5234
7232
24754
23930
12218
10847
17586
31653
5879
20139
27650
25173
327
6108
20046
32534
26709
4608
7225
399
14461
17939
4258
30644
19505
22479
26405
31293
13979
13765
7141
32086
8579
4013
22665
6552
17012
1787
12933
24888
11034
19891
7835
5502
30959
10109
15777
20601
10263
252
26244
30450
3463
4444
4493
1694
15469
14890
2275
5271
23244
6505
594
4109
10599
482
1610
7481
17121
19899
18475
7315
22050
16203
21439
12869
24573
25645
13320
25055
10255
11923
30525
4684
1258
14557
13327
3589
11123
26475
29744
21380
3464
23727
10262
18940
3046
29574
2045
11847
32586
13256
1579
19488
23767
29981
13943
22418
31160
9235
20236
31408
12806
23918
9835
27527
30444
21440
21167
7761
2057
13113
19989
26604
23573
30655
17595
9354
31944
26945
28584
13993
23031
12873
8461
29254
22529
17617
26058
18509
7529
344
24628
18005
25540
21557
16406
16010
20438
15658
31734
11242
5368
30012
12185
9909
26556
9922
17353
32030
980
27581
17237
17479
18736
1639
346
30060
13415
2063
29889
27487
13912
23075
27913
21556
12049
23951
1094
27453
4080
5189
29290
3897
26887
2333
9668
2248
26053
27104
17606
5410
31955
1951
32011
2313
22333
12618
17305
8188
13010
7294
27235
19374
17357
20637
12050
