Quick Sort
5
7
8
19
20
29
32
32
34
39
39
40
43
62
65
68
70
74
76
79
80
84
85
86
86
86
87
88
88
89
89
90
94
101
101
116
116
121
134
134
137
143
144
151
151
162
162
164
165
180
181
186
190
193
194
195
199
213
216
218
227
232
233
234
236
240
241
242
245
260
262
263
268
269
271
277
279
282
283
285
286
296
297
300
302
302
312
332
336
338
340
340
341
342
342
346
348
350
353
356
357
365
366
373
386
388
392
396
397
397
398
404
404
414
424
425
426
429
430
438
440
441
446
453
453
458
461
464
464
466
466
468
477
477
481
485
485
486
487
487
489
489
497
507
507
517
520
526
544
545
546
549
550
559
563
564
568
570
575
579
583
584
585
589
592
594
595
601
606
610
612
613
614
615
616
619
619
625
631
634
636
637
642
645
647
648
650
654
655
660
664
666
668
668
678
679
680
681
681
683
684
685
685
687
687
687
690
692
708
711
719
720
722
723
724
729
732
733
739
745
749
752
756
759
765
768
773
781
782
783
783
786
790
796
797
803
818
818
821
825
826
838
840
845
845
845
846
853
868
869
870
878
879
880
886
888
892
901
915
920
920
922
923
924
930
939
939
944
945
947
947
951
953
957
957
959
961
966
966
969
975
986
996
1002
1006
1006
1009
1009
1010
1014
1014
1015
1018
1018
1039
1041
1047
1065
1067
1069
1071
1074
1075
1082
1086
1087
1096
1101
1106
1108
1112
1114
1114
1119
1124
1126
1128
1128
1130
1133
1144
1149
1152
1154
1161
1166
1168
1170
1176
1179
1181
1184
1187
1189
1193
1193
1197
1208
1212
1219
1224
1225
1228
1228
1229
1231
1235
1235
1235
1236
1237
1241
1249
1251
1253
1268
1270
1275
1281
1282
1283
1284
1289
1297
1302
1304
1309
1314
1315
1316
1319
1328
1335
1337
1347
1353
1355
1359
1360
1362
1365
1371
1371
1372
1377
1378
1379
1380
1380
1383
1383
1391
1391
1393
1404
1407
1407
1409
1413
1417
1418
1420
1426
1429
1429
1434
1435
1438
1442
1443
1451
1455
1456
1457
1460
1461
1466
1469
1472
1474
1476
1479
1480
1485
1490
1498
1508
1522
1523
1524
1524
1525
1526
1530
1536
1536
1539
1543
1544
1551
1553
1565
1566
1568
1569
1573
1574
1574
1577
1581
1590
1590
1600
1603
1606
1615
1630
1630
1631
1635
1638
1638
1640
1645
1647
1648
1653
1656
1658
1662
1662
1665
1667
1672
1674
1680
1697
1699
1704
1704
1705
1706
1708
1710
1718
1722
1732
1733
1737
1743
1747
1749
1750
1750
1754
1755
1758
1778
1782
1782
1794
1795
1799
1800
1803
1803
1805
1808
1815
1822
1824
1830
1831
1833
1834
1836
1836
1838
1842
1842
1846
1847
1855
1866
1866
1873
1875
1876
1878
1880
1891
1894
1897
1900
1901
1902
1908
1911
1913
1919
1921
1928
1929
1930
1933
1935
1943
1949
1949
1949
1951
1955
1963
1966
1967
1967
1970
1972
1973
1973
1974
1979
1982
1988
1988
1997
2000
2009
2009
2009
2010
2012
2014
2016
2016
2017
2019
2025
2025
2028
2031
2036
2037
2038
2044
2051
2051
2051
2053
2058
2064
2064
2065
2065
2066
2073
2074
2086
2087
2090
2096
2098
2114
2117
2117
2122
2128
2129
2132
2139
2142
2147
2147
2153
2154
2155
2158
2161
2171
2176
2182
2187
2192
2202
2202
2207
2209
2214
2216
2222
2226
2230
2246
2250
2259
2263
2266
2267
2270
2275
2276
2277
2281
2281
2282
2293
2303
2314
2318
2318
2322
2323
2325
2331
2332
2336
2337
2341
2343
2346
2350
2351
2352
2357
2357
2359
2369
2370
2370
2371
2371
2371
2373
2375
2384
2385
2389
2390
2392
2400
2403
2405
2405
2406
2407
2408
2410
2415
2416
2425
2427
2431
2431
2434
2434
2452
2453
2459
2462
2463
2476
2479
2479
2482
2482
2483
2484
2487
2491
2498
2502
2504
2506
2508
2508
2510
2515
2517
2520
2525
2527
2528
2528
2532
2535
2535
2541
2544
2548
2550
2551
2556
2559
2564
2583
2584
2586
2587
2591
2598
2601
2603
2609
2610
2613
2615
2616
2618
2619
2620
2623
2626
2631
2633
2639
2647
2647
2649
2653
2660
2660
2662
2668
2671
2674
2676
2678
2704
2705
2705
2708
2711
2712
2715
2717
2727
2728
2731
2738
2743
2745
2748
2750
2753
2758
2760
2763
2765
2767
2768
2769
2771
2771
2771
2774
2777
2785
2786
2793
2793
2801
2804
2804
2809
2811
2811
2819
2820
2820
2825
2827
2830
2831
2839
2845
2855
2856
2857
2859
2861
2862
2863
2863
2865
2872
2872
2874
2878
2880
2884
2886
2887
2890
2892
2896
2897
2902
2907
2909
2910
2910
2910
2911
2915
2917
2922
2926
2929
2934
2935
2937
2942
2944
2944
2946
2949
2949
2950
2954
2957
2959
2967
2969
2969
2970
2975
2976
2977
2977
2978
2980
2982
2986
2987
2999
2999
3000
3006
3017
3018
3019
3026
3031
3031
3033
3034
3038
3040
3048
3049
3054
3055
3058
3061
3064
3066
3066
3068
3069
3070
3074
3081
3084
3087
3091
3091
3094
3095
3096
3101
3103
3103
3105
3107
3108
3113
3124
3126
3129
3129
3137
3146
3150
3150
3150
3163
3164
3165
3167
3174
3174
3176
3184
3191
3191
3193
3195
3199
3199
3205
3205
3210
3228
3230
3232
3236
3239
3247
3251
3252
3255
3256
3257
3259
3261
3264
3265
3268
3269
3271
3273
3285
3288
3289
3291
3294
3298
3298
3304
3305
3307
3314
3316
3317
3319
3322
3325
3327
3336
3337
3338
3342
3343
3351
3351
3357
3357
3365
3366
3368
3375
3376
3377
3381
3381
3389
3394
3396
3406
3407
3407
3410
3415
3415
3415
3429
3444
3448
3454
3458
3460
3461
3466
3469
3471
3473
3478
3480
3487
3487
3487
3489
3489
3498
3498
3507
3510
3511
3514
3516
3517
3523
3525
3532
3540
3540
3542
3549
3553
3554
3556
3558
3559
3566
3567
3570
3571
3572
3574
3574
3578
3579
3579
3582
3589
3589
3595
3596
3597
3598
3601
3602
3606
3608
3611
3615
3616
3618
3619
3621
3621
3622
3632
3636
3643
3643
3644
3645
3648
3649
3650
3652
3657
3661
3664
3667
3668
3673
3680
3682
3687
3690
3691
3692
3698
3699
3699
3701
3703
3709
3712
3715
3719
3721
3726
3730
3732
3733
3735
3738
3740
3741
3747
3748
3749
3751
3751
3756
3759
3760
3762
3762
3767
3768
3771
3776
3777
3779
3782
3788
3796
3800
3801
3802
3802
3808
3814
3817
3821
3825
3827
3835
3836
3837
3837
3839
3847
3849
3867
3875
3878
3880
3882
3884
3890
3892
3897
3898
3902
3903
3910
3920
3921
3924
3930
3932
3932
3940
3944
3950
3955
3965
3969
3969
3970
3973
3974
3975
3975
3980
3990
3991
4006
4006
4008
4012
4017
4019
4019
4021
4022
4024
4030
4031
4034
4034
4036
4038
4039
4040
4043
4045
4048
4048
4049
4050
4052
4056
4062
4062
4066
4069
4073
4074
4075
4076
4077
4078
4085
4087
4087
4092
4094
4096
4097
4105
4108
4111
4118
4119
4119
4121
4121
4125
4126
4126
4126
4129
4130
4131
4132
4132
4134
4137
4140
4142
4147
4157
4160
4163
4164
4170
4170
4176
4179
4183
4185
4192
4195
4199
4202
4203
4206
4209
4215
4223
4225
4232
4232
4235
4236
4245
4246
4247
4247
4253
4254
4262
4267
4270
4270
4273
4276
4277
4278
4282
4292
4294
4296
4299
4300
4301
4303
4307
4318
4319
4319
4323
4334
4338
4342
4342
4346
4353
4355
4356
4358
4359
4361
4367
4368
4368
4372
4375
4378
4380
4380
4381
4382
4386
4387
4411
4411
4423
4429
4430
4431
4432
4432
4433
4438
4442
4444
4447
4449
4451
4452
4453
4453
4469
4470
4471
4474
4478
4480
4485
4487
4494
4495
4503
4508
4511
4513
4515
4517
4522
4536
4537
4538
4539
4541
4542
4546
4568
4570
4572
4573
4577
4581
4583
4584
4586
4595
4595
4600
4605
4607
4612
4614
4622
4624
4625
4641
4645
4649
4663
4664
4666
4670
4671
4681
4685
4685
4686
4691
4699
4707
4713
4717
4720
4720
4723
4726
4736
4751
4752
4753
4759
4761
4767
4771
4772
4772
4775
4776
4778
4779
4779
4780
4785
4786
4787
4791
4791
4793
4808
4811
4812
4818
4819
4825
4826
4829
4830
4843
4850
4851
4851
4852
4852
4852
4853
4854
4865
4865
4882
4883
4884
4886
4898
4901
4907
4908
4922
4922
4924
4934
4940
4944
4944
4945
4945
4947
4948
4950
4952
4953
4955
4956
4967
4970
4973
4974
4975
4979
4981
4982
4983
4987
4990
4991
4992
4993
4996
5001
5002
5006
5007
5009
5011
5017
5020
5022
5028
5028
5030
5031
5037
5038
5040
5040
5044
5046
5051
5056
5058
5062
5066
5074
5078
5085
5091
5092
5098
5100
5103
5105
5107
5109
5119
5125
5127
5127
5132
5133
5136
5137
5140
5142
5142
5143
5143
5143
5145
5145
5152
5161
5165
5167
5172
5173
5174
5175
5182
5187
5197
5205
5206
5207
5214
5217
5226
5226
5230
5232
5233
5237
5238
5239
5243
5254
5259
5261
5265
5266
5268
5270
5283
5285
5289
5290
5291
5295
5299
5302
5307
5312
5314
5322
5326
5331
5343
5349
5350
5353
5354
5359
5362
5364
5376
5385
5391
5397
5405
5407
5409
5410
5414
5416
5417
5419
5420
5421
5422
5423
5423
5428
5436
5437
5440
5440
5443
5450
5452
5459
5464
5464
5468
5470
5477
5481
5485
5486
5492
5492
5495
5496
5496
5499
5502
5505
5507
5507
5508
5517
5521
5530
5533
5537
5540
5545
5550
5553
5554
5560
5562
5568
5571
5575
5578
5580
5580
5580
5584
5586
5598
5598
5599
5601
5603
5605
5610
5613
5615
5615
5620
5622
5627
5628
5631
5638
5639
5639
5639
5655
5657
5658
5659
5661
5662
5665
5677
5677
5679
5681
5682
5682
5682
5683
5683
5684
5685
5689
5691
5692
5692
5697
5698
5706
5708
5713
5714
5716
5720
5729
5733
5734
5737
5738
5739
5744
5751
5754
5755
5756
5757
5759
5760
5767
5768
5772
5773
5780
5785
5786
5788
5796
5801
5806
5807
5814
5815
5823
5825
5826
5830
5838
5838
5838
5839
5846
5847
5847
5856
5859
5862
5872
5873
5873
5874
5878
5880
5882
5887
5888
5889
5893
5899
5907
5911
5915
5924
5925
5931
5941
5941
5943
5945
5957
5960
5963
5969
5972
5972
5977
5979
5983
5988
5991
5994
5995
6003
6010
6010
6012
6013
6020
6027
6027
6030
6039
6044
6047
6047
6049
6061
6064
6067
6072
6073
6076
6078
6081
6085
6086
6086
6088
6088
6090
6091
6095
6102
6106
6109
6112
6120
6125
6129
6131
6139
6142
6143
6144
6144
6149
6151
6155
6157
6157
6165
6166
6168
6172
6173
6173
6173
6178
6182
6183
6185
6187
6187
6190
6195
6197
6202
6205
6208
6213
6217
6222
6223
6225
6227
6231
6238
6243
6248
6249
6249
6250
6251
6259
6265
6265
6265
6268
6271
6272
6273
6275
6278
6279
6281
6282
6284
6284
6286
6294
6300
6304
6306
6309
6314
6317
6317
6326
6326
6328
6333
6343
6343
6344
6349
6356
6358
6360
6362
6369
6370
6374
6375
6379
6390
6393
6396
6399
6405
6416
6418
6418
6422
6424
6426
6426
6427
6429
6430
6434
6436
6438
6438
6446
6452
6456
6458
6458
6463
6468
6468
6471
6471
6474
6474
6475
6479
6480
6481
6487
6489
6489
6494
6494
6501
6511
6514
6515
6529
6534
6540
6543
6547
6553
6555
6559
6560
6568
6569
6572
6572
6575
6583
6584
6584
6588
6594
6598
6602
6603
6605
6605
6606
6608
6609
6610
6610
6610
6616
6620
6621
6622
6629
6630
6634
6637
6640
6643
6653
6657
6658
6665
6667
6669
6678
6680
6681
6685
6687
6696
6702
6706
6706
6710
6721
6724
6729
6737
6741
6743
6744
6748
6756
6757
6761
6762
6767
6769
6771
6773
6774
6779
6785
6791
6794
6795
6795
6799
6800
6802
6803
6805
6809
6813
6815
6825
6830
6831
6833
6834
6837
6838
6842
6848
6852
6862
6866
6870
6871
6873
6875
6878
6880
6884
6884
6887
6889
6892
6900
6901
6904
6906
6906
6911
6912
6915
6916
6916
6917
6921
6922
6923
6924
6930
6934
6936
6943
6946
6946
6950
6952
6952
6952
6956
6958
6958
6963
6964
6967
6968
6969
6978
6981
6982
6988
6988
6988
6991
6992
6996
6996
7000
7004
7005
7007
7010
7012
7012
7017
7025
7033
7033
7034
7035
7040
7044
7046
7048
7049
7052
7055
7055
7059
7062
7063
7073
7082
7086
7087
7087
7106
7110
7113
7117
7123
7133
7138
7139
7140
7147
7150
7153
7153
7154
7158
7159
7159
7166
7186
7189
7189
7194
7199
7211
7214
7217
7224
7224
7231
7240
7242
7245
7246
7247
7260
7261
7267
7272
7280
7287
7287
7291
7294
7300
7302
7304
7309
7313
7319
7324
7328
7331
7333
7343
7344
7344
7345
7347
7349
7350
7350
7351
7353
7354
7358
7360
7360
7366
7367
7372
7374
7375
7379
7382
7385
7389
7393
7397
7411
7412
7412
7418
7420
7421
7424
7424
7428
7429
7435
7438
7446
7446
7446
7447
7449
7450
7452
7453
7461
7466
7467
7467
7468
7468
7478
7480
7488
7495
7499
7499
7500
7501
7504
7505
7512
7512
7515
7516
7517
7518
7519
7519
7533
7533
7534
7534
7543
7544
7545
7548
7555
7556
7559
7568
7578
7585
7592
7592
7600
7602
7603
7604
7604
7610
7614
7614
7616
7626
7626
7628
7635
7638
7639
7643
7643
7646
7647
7647
7649
7650
7655
7655
7658
7659
7661
7663
7663
7664
7673
7673
7675
7679
7679
7681
7681
7682
7693
7693
7694
7701
7702
7709
7709
7712
7714
7714
7720
7723
7726
7741
7741
7741
7744
7745
7748
7748
7756
7762
7762
7769
7770
7775
7778
7778
7783
7785
7787
7790
7792
7794
7795
7804
7818
7824
7826
7838
7839
7840
7842
7848
7851
7855
7855
7856
7859
7860
7864
7872
7873
7875
7875
7878
7884
7891
7891
7893
7893
7896
7902
7904
7922
7925
7925
7929
7930
7933
7936
7937
7944
7946
7948
7951
7958
7961
7962
7966
7966
7970
7973
7977
7978
7981
7988
7990
7991
7992
7996
8000
8003
8003
8005
8009
8010
8011
8020
8035
8036
8042
8059
8059
8059
8068
8069
8069
8074
8074
8075
8078
8081
8093
8094
8097
8097
8097
8102
8108
8117
8122
8124
8133
8137
8139
8142
8145
8148
8153
8159
8160
8162
8163
8163
8171
8173
8177
8185
8201
8203
8210
8212
8220
8221
8227
8230
8235
8238
8242
8249
8256
8258
8258
8265
8274
8276
8277
8280
8281
8281
8282
8285
8289
8289
8290
8292
8293
8295
8296
8302
8305
8306
8306
8311
8313
8314
8317
8318
8323
8325
8325
8332
8332
8337
8349
8349
8354
8360
8360
8361
8361
8363
8370
8372
8374
8374
8374
8378
8384
8386
8388
8388
8392
8394
8400
8400
8402
8410
8410
8415
8423
8428
8428
8429
8432
8432
8432
8437
8438
8442
8444
8445
8449
8456
8462
8463
8469
8470
8470
8475
8477
8479
8480
8484
8486
8489
8495
8499
8499
8500
8504
8507
8509
8511
8516
8516
8517
8518
8519
8522
8531
8531
8537
8539
8543
8547
8548
8558
8558
8559
8562
8562
8563
8567
8569
8570
8575
8576
8577
8583
8588
8589
8589
8592
8610
8615
8616
8620
8620
8623
8628
8630
8635
8638
8644
8645
8654
8656
8667
8669
8699
8702
8706
8706
8710
8712
8714
8717
8719
8720
8722
8722
8724
8727
8731
8737
8744
8745
8751
8751
8753
8761
8761
8775
8776
8788
8789
8792
8798
8798
8800
8806
8809
8811
8816
8816
8830
8830
8833
8835
8843
8846
8859
8859
8863
8864
8864
8867
8870
8872
8872
8872
8873
8874
8876
8876
8877
8880
8882
8883
8886
8890
8895
8900
8900
8900
8903
8908
8909
8910
8922
8923
8925
8931
8944
8947
8952
8956
8961
8962
8964
8966
8967
8978
8979
8982
8983
8988
8994
8995
8995
8997
8997
9001
9002
9009
9011
9012
9018
9022
9022
9030
9033
9040
9055
9055
9056
9061
9073
9075
9083
9089
9089
9096
9101
9109
9110
9120
9126
9128
9129
9144
9145
9152
9153
9157
9159
9159
9159
9161
9166
9167
9168
9169
9170
9171
9175
9179
9184
9186
9189
9190
9191
9191
9192
9194
9195
9196
9196
9198
9201
9208
9214
9217
9231
9240
9240
9245
9249
9249
9251
9252
9257
9258
9261
9264
9275
9276
9280
9281
9282
9283
9284
9284
9286
9291
9292
9292
9293
9295
9296
9299
9303
9304
9305
9312
9317
9318
9324
9330
9331
9332
9339
9344
9346
9349
9361
9362
9364
9364
9368
9371
9373
9375
9379
9379
9383
9390
9391
9394
9394
9396
9402
9409
9410
9413
9414
9415
9416
9418
9421
9422
9425
9426
9433
9444
9448
9458
9460
9465
9468
9468
9472
9473
9473
9476
9482
9487
9487
9497
9512
9521
9528
9535
9540
9540
9544
9548
9549
9559
9561
9565
9566
9567
9573
9576
9580
9583
9584
9587
9588
9596
9599
9600
9605
9606
9606
9608
9609
9618
9619
9619
9628
9628
9632
9643
9652
9652
9654
9658
9658
9661
9661
9666
9669
9671
9671
9679
9679
9682
9685
9690
9691
9691
9692
9693
9699
9699
9700
9701
9703
9705
9707
9710
9712
9713
9715
9715
9717
9724
9724
9728
9728
9733
9734
9738
9739
9744
9752
9753
9755
9755
9757
9762
9765
9771
9776
9785
9785
9786
9798
9799
9800
9800
9801
9813
9818
9819
9821
9824
9824
9824
9826
9830
9834
9842
9847
9847
9852
9854
9855
9857
9859
9860
9867
9868
9870
9872
9875
9876
9878
9892
9895
9899
9900
9900
9902
9905
9906
9908
9914
9923
9923
9935
9937
9940
9949
9950
9950
9950
9954
9961
9969
9970
9971
9972
9977
9979
9982
9986
9987
9990
9995
9999
10006
10009
10009
10012
10017
10019
10021
10022
10022
10026
10030
10042
10045
10045
10048
10058
10059
10064
10064
10066
10067
10067
10069
10070
10071
10072
10076
10078
10079
10082
10086
10086
10087
10090
10090
10090
10102
10116
10116
10117
10121
10122
10122
10133
10136
10141
10151
10153
10155
10157
10161
10171
10172
10178
10179
10180
10182
10184
10185
10186
10188
10190
10191
10192
10196
10200
10204
10204
10208
10209
10211
10212
10218
10223
10224
10226
10226
10226
10226
10229
10229
10230
10230
10230
10232
10237
10237
10243
10250
10256
10260
10281
10287
10288
10289
10291
10298
10309
10310
10312
10318
10320
10322
10324
10326
10331
10334
10338
10340
10341
10348
10348
10349
10350
10360
10367
10371
10372
10376
10376
10380
10394
10395
10428
10429
10432
10441
10445
10449
10453
10454
10460
10460
10463
10464
10465
10467
10473
10475
10475
10478
10487
10491
10491
10495
10495
10499
10500
10501
10509
10509
10509
10514
10514
10516
10517
10518
10522
10524
10528
10529
10533
10538
10539
10539
10542
10546
10555
10556
10561
10564
10573
10576
10578
10581
10589
10595
10601
10601
10603
10604
10606
10607
10609
10609
10612
10613
10616
10617
10617
10620
10621
10621
10622
10623
10624
10624
10625
10626
10627
10628
10633
10635
10636
10636
10638
10640
10645
10650
10662
10662
10673
10674
10674
10682
10686
10691
10691
10696
10698
10699
10708
10709
10712
10714
10716
10717
10717
10720
10728
10736
10752
10756
10758
10765
10768
10773
10782
10788
10792
10801
10807
10808
10813
10814
10820
10824
10826
10828
10835
10835
10840
10842
10843
10850
10850
10850
10853
10855
10860
10863
10866
10870
10871
10873
10876
10877
10878
10888
10888
10889
10890
10891
10899
10899
10899
10908
10908
10920
10922
10924
10924
10933
10940
10943
10947
10949
10958
10961
10961
10964
10965
10969
10973
10975
10985
10987
10994
10998
11002
11003
11003
11004
11006
11007
11014
11016
11017
11018
11020
11023
11025
11026
11032
11037
11037
11047
11053
11056
11059
11064
11070
11075
11076
11077
11078
11078
11078
11081
11083
11084
11086
11087
11089
11094
11096
11102
11110
11111
11112
11113
11117
11121
11124
11126
11129
11130
11131
11135
11136
11136
11137
11138
11142
11147
11150
11150
11164
11169
11177
11178
11182
11182
11187
11187
11190
11192
11194
11196
11196
11205
11209
11216
11219
11219
11220
11223
11225
11225
11227
11227
11227
11237
11237
11239
11239
11239
11240
11246
11247
11254
11254
11256
11257
11258
11264
11266
11268
11270
11282
11282
11284
11291
11294
11298
11300
11302
11303
11307
11313
11313
11321
11324
11326
11329
11333
11334
11338
11339
11343
11345
11346
11347
11355
11356
11361
11363
11366
11369
11373
11374
11380
11383
11393
11395
11399
11406
11412
11414
11422
11428
11431
11432
11434
11436
11437
11451
11452
11457
11463
11464
11467
11469
11469
11480
11485
11486
11490
11491
11492
11492
11493
11495
11503
11507
11507
11510
11511
11512
11517
11517
11520
11521
11522
11524
11529
11529
11530
11537
11540
11546
11549
11558
11559
11561
11563
11564
11565
11568
11570
11572
11573
11576
11591
11594
11595
11599
11600
11604
11612
11613
11617
11621
11623
11623
11624
11625
11626
11627
11628
11633
11639
11641
11641
11649
11652
11655
11659
11661
11662
11667
11668
11671
11673
11673
11673
11676
11679
11680
11684
11686
11686
11689
11690
11691
11700
11702
11703
11705
11707
11711
11712
11713
11715
11716
11717
11718
11720
11738
11738
11740
11751
11751
11754
11757
11765
11766
11767
11768
11769
11769
11771
11771
11771
11771
11776
11776
11777
11779
11779
11784
11784
11787
11793
11793
11794
11797
11798
11801
11811
11813
11818
11819
11821
11821
11825
11826
11829
11831
11832
11833
11834
11836
11836
11837
11843
11850
11852
11854
11855
11857
11862
11872
11875
11875
11878
11881
11884
11889
11890
11894
11896
11900
11910
11910
11911
11916
11918
11925
11927
11932
11935
11936
11941
11943
11946
11948
11948
11952
11954
11958
11959
11960
11962
11962
11964
11965
11970
11971
11977
11978
11985
11997
11998
12006
12009
12010
12011
12017
12021
12026
12026
12031
12034
12037
12044
12044
12045
12048
12050
12051
12052
12053
12062
12064
12069
12070
12071
12072
12073
12075
12081
12083
12086
12086
12089
12093
12096
12098
12098
12100
12102
12106
12106
12106
12109
12117
12121
12131
12131
12133
12134
12139
12141
12142
12144
12145
12146
12147
12149
12151
12157
12158
12161
12169
12172
12174
12174
12188
12191
12198
12202
12202
12208
12213
12219
12220
12224
12226
12230
12243
12247
12250
12259
12262
12262
12271
12272
12275
12277
12278
12285
12287
12289
12291
12295
12297
12299
12309
12312
12324
12325
12326
12330
12332
12334
12347
12353
12358
12365
12366
12366
12373
12375
12376
12378
12387
12387
12389
12390
12392
12403
12405
12408
12409
12412
12415
12415
12419
12423
12424
12439
12439
12447
12463
12470
12473
12480
12481
12488
12498
12498
12498
12502
12504
12504
12505
12505
12505
12506
12507
12509
12513
12514
12521
12526
12527
12527
12532
12533
12539
12541
12545
12551
12552
12559
12559
12566
12566
12568
12570
12570
12575
12578
12579
12583
12584
12588
12589
12591
12594
12596
12597
12602
12608
12615
12616
12623
12624
12624
12625
12629
12635
12637
12638
12648
12651
12652
12658
12660
12662
12670
12674
12675
12676
12683
12683
12683
12683
12685
12687
12692
12696
12703
12705
12708
12716
12717
12719
12729
12733
12737
12738
12742
12744
12748
12750
12754
12755
12757
12757
12761
12761
12762
12769
12772
12772
12774
12774
12783
12793
12794
12803
12807
12807
12807
12808
12808
12813
12815
12819
12823
12823
12824
12828
12834
12835
12838
12839
12848
12854
12859
12863
12863
12868
12873
12884
12884
12891
12894
12896
12898
12898
12902
12903
12904
12906
12907
12909
12910
12920
12923
12927
12930
12944
12944
12945
12946
12948
12950
12951
12956
12956
12959
12961
12963
12970
12971
12973
12978
12979
12982
12984
12989
12990
13004
13009
13010
13011
13016
13020
13020
13021
13021
13026
13030
13042
13045
13047
13048
13050
13052
13056
13059
13075
13076
13083
13091
13100
13100
13100
13110
13117
13125
13126
13128
13128
13128
13137
13145
13150
13155
13155
13155
13156
13162
13167
13170
13175
13177
13180
13182
13187
13203
13205
13210
13221
13229
13233
13236
13238
13239
13241
13243
13245
13249
13250
13253
13257
13266
13266
13266
13278
13279
13281
13288
13301
13302
13312
13313
13316
13319
13319
13322
13323
13324
13326
13332
13333
13335
13338
13339
13339
13341
13344
13349
13350
13360
13361
13362
13363
13374
13374
13375
13378
13379
13381
13381
13386
13389
13390
13397
13402
13410
13413
13413
13424
13426
13430
13430
13431
13432
13433
13437
13441
13444
13444
13447
13451
13456
13457
13459
13475
13479
13480
13483
13487
13487
13487
13493
13495
13501
13502
13504
13507
13508
13516
13519
13521
13521
13525
13526
13534
13534
13535
13536
13539
13541
13545
13552
13563
13563
13570
13579
13588
13589
13590
13590
13591
13591
13594
13598
13609
13611
13611
13613
13617
13618
13623
13625
13625
13630
13635
13637
13647
13651
13654
13654
13658
13659
13660
13662
13664
13664
13666
13675
13679
13682
13685
13686
13694
13696
13697
13699
13703
13704
13708
13710
13719
13727
13732
13735
13735
13737
13742
13747
13747
13748
13750
13752
13756
13756
13761
13773
13773
13778
13786
13796
13803
13803
13804
13809
13809
13814
13817
13821
13822
13824
13825
13828
13832
13833
13834
13835
13836
13836
13838
13842
13844
13850
13855
13859
13866
13869
13870
13870
13874
13881
13882
13888
13891
13893
13901
13901
13904
13916
13919
13920
13920
13922
13924
13927
13929
13933
13933
13938
13950
13952
13957
13960
13965
13982
13984
13988
13989
13991
13994
13996
13997
14001
14001
14003
14009
14018
14018
14031
14033
14039
14045
14045
14051
14052
14052
14055
14056
14068
14069
14085
14092
14092
14097
14099
14104
14107
14108
14108
14109
14110
14111
14116
14122
14123
14125
14131
14135
14142
14146
14153
14153
14162
14166
14167
14175
14179
14179
14180
14182
14182
14184
14189
14189
14190
14191
14195
14197
14201
14201
14202
14202
14216
14224
14225
14231
14231
14231
14232
14234
14234
14236
14237
14237
14239
14248
14254
14257
14261
14264
14264
14265
14268
14272
14273
14275
14276
14277
14281
14282
14290
14292
14295
14296
14298
14310
14311
14312
14312
14316
14319
14325
14329
14331
14333
14333
14340
14345
14349
14350
14351
14355
14357
14360
14360
14362
14363
14367
14369
14373
14380
14388
14395
14400
14404
14409
14423
14427
14430
14431
14434
14441
14442
14446
14449
14453
14454
14455
14458
14464
14465
14467
14480
14481
14482
14488
14493
14506
14509
14510
14514
14527
14528
14531
14538
14540
14540
14548
14548
14550
14550
14556
14557
14557
14564
14567
14571
14576
14580
14586
14589
14608
14609
14618
14623
14625
14627
14632
14634
14640
14646
14649
14650
14658
14663
14665
14667
14670
14681
14682
14684
14686
14691
14693
14695
14697
14704
14705
14706
14708
14710
14711
14713
14722
14727
14727
14730
14730
14731
14734
14734
14737
14738
14741
14742
14747
14750
14753
14756
14760
14762
14768
14769
14769
14771
14776
14782
14785
14786
14787
14795
14796
14797
14799
14806
14807
14810
14819
14820
14834
14834
14841
14843
14844
14848
14848
14848
14848
14853
14859
14861
14864
14867
14870
14872
14872
14881
14884
14890
14896
14899
14901
14905
14908
14912
14912
14925
14926
14926
14926
14930
14932
14935
14935
14941
14942
14948
14948
14952
14954
14955
14957
14959
14975
14977
14978
14981
14982
14984
14990
14999
15005
15007
15007
15009
15015
15018
15024
15032
15033
15033
15036
15036
15036
15041
15041
15043
15047
15055
15056
15059
15060
15061
15063
15072
15072
15074
15074
15075
15075
15079
15081
15084
15087
15092
15093
15093
15095
15096
15097
15098
15109
15111
15112
15113
15116
15118
15119
15122
15126
15138
15143
15143
15148
15151
15157
15158
15164
15167
15168
15173
15178
15179
15181
15185
15186
15187
15190
15192
15193
15193
15193
15194
15199
15200
15200
15202
15203
15204
15209
15221
15226
15226
15229
15238
15240
15241
15242
15243
15245
15251
15251
15252
15269
15281
15286
15294
15297
15298
15307
15311
15317
15319
15321
15321
15332
15345
15349
15350
15350
15353
15370
15371
15373
15381
15394
15408
15412
15414
15422
15427
15428
15430
15430
15434
15434
15434
15438
15443
15446
15446
15449
15460
15461
15464
15475
15476
15477
15478
15479
15483
15490
15495
15501
15502
15509
15516
15521
15526
15529
15530
15542
15546
15552
15555
15557
15560
15562
15569
15570
15584
15585
15586
15589
15591
15592
15594
15594
15595
15597
15598
15600
15602
15605
15610
15613
15626
15626
15629
15630
15637
15637
15647
15652
15652
15655
15656
15662
15666
15668
15670
15672
15675
15678
15682
15682
15686
15689
15693
15696
15696
15700
15706
15707
15719
15720
15722
15726
15729
15729
15730
15739
15745
15748
15753
15754
15754
15755
15757
15757
15759
15768
15771
15773
15773
15775
15777
15778
15780
15781
15785
15786
15791
15794
15795
15800
15801
15819
15837
15838
15847
15847
15848
15851
15856
15860
15865
15868
15871
15872
15886
15887
15888
15892
15897
15898
15902
15902
15904
15908
15915
15919
15923
15928
15930
15932
15943
15943
15949
15952
15953
15956
15957
15958
15962
15965
15966
15967
15971
15972
15972
15979
15981
15982
15983
15985
15987
15990
15992
15993
16007
16008
16010
16015
16015
16017
16020
16032
16033
16043
16046
16048
16049
16051
16053
16054
16054
16057
16067
16079
16080
16086
16092
16099
16102
16109
16113
16113
16113
16114
16123
16124
16124
16128
16128
16128
16131
16132
16138
16138
16139
16140
16147
16155
16156
16161
16162
16165
16172
16172
16179
16180
16181
16184
16184
16185
16187
16188
16190
16202
16208
16210
16213
16214
16220
16223
16224
16226
16231
16234
16240
16243
16245
16248
16250
16251
16271
16276
16278
16279
16282
16283
16284
16284
16287
16289
16290
16293
16296
16296
16298
16299
16314
16315
16319
16329
16329
16329
16330
16338
16343
16345
16353
16358
16361
16363
16365
16371
16376
16377
16378
16380
16381
16384
16385
16386
16386
16398
16402
16404
16407
16409
16413
16416
16417
16422
16422
16424
16430
16431
16440
16441
16449
16451
16452
16457
16460
16464
16464
16468
16468
16472
16478
16480
16482
16489
16495
16496
16496
16498
16498
16504
16505
16508
16509
16513
16523
16530
16532
16536
16537
16538
16541
16547
16550
16551
16551
16552
16555
16559
16567
16571
16579
16580
16584
16597
16598
16600
16603
16606
16608
16609
16609
16610
16621
16624
16626
16626
16627
16648
16650
16650
16665
16665
16668
16670
16670
16683
16684
16686
16687
16698
16701
16702
16702
16704
16709
16711
16715
16719
16722
16723
16728
16735
16737
16738
16739
16739
16744
16746
16749
16750
16750
16755
16758
16760
16760
16763
16763
16765
16765
16766
16767
16771
16773
16774
16783
16786
16786
16791
16794
16794
16795
16797
16797
16800
16802
16811
16817
16818
16819
16823
16826
16826
16826
16831
16834
16834
16834
16835
16840
16847
16848
16851
16852
16853
16857
16860
16863
16865
16865
16866
16871
16881
16887
16887
16889
16894
16894
16899
16905
16907
16909
16912
16914
16919
16933
16936
16937
16937
16939
16941
16945
16951
16952
16956
16961
16964
16967
16968
16971
16979
16997
17005
17007
17009
17010
17014
17015
17016
17017
17021
17033
17035
17037
17040
17043
17046
17053
17062
17066
17066
17066
17066
17068
17069
17070
17077
17078
17081
17089
17098
17099
17099
17105
17111
17114
17115
17115
17126
17127
17148
17149
17151
17152
17156
17156
17158
17158
17160
17165
17167
17169
17170
17175
17176
17176
17179
17179
17186
17187
17188
17190
17190
17194
17196
17199
17206
17206
17206
17208
17215
17220
17220
17221
17224
17227
17227
17248
17248
17254
17258
17258
17263
17268
17276
17280
17281
17283
17284
17290
17291
17291
17294
17294
17295
17297
17310
17312
17312
17313
17313
17315
17318
17319
17320
17325
17331
17336
17338
17338
17341
17341
17350
17351
17352
17354
17355
17358
17358
17361
17362
17375
17377
17377
17379
17386
17388
17398
17399
17400
17401
17401
17404
17406
17406
17408
17413
17415
17415
17418
17421
17426
17427
17427
17436
17439
17441
17445
17451
17455
17458
17458
17458
17459
17460
17465
17479
17481
17487
17489
17489
17492
17493
17494
17494
17497
17500
17501
17501
17504
17508
17513
17514
17524
17525
17527
17529
17531
17533
17541
17545
17550
17551
17552
17552
17553
17553
17558
17559
17559
17563
17565
17569
17572
17574
17574
17575
17577
17584
17584
17593
17594
17595
17597
17599
17603
17610
17610
17623
17623
17627
17631
17631
17637
17645
17648
17649
17659
17661
17665
17667
17684
17685
17689
17693
17695
17696
17697
17699
17702
17702
17704
17704
17704
17705
17705
17705
17707
17709
17711
17726
17726
17727
17728
17731
17731
17732
17733
17738
17739
17742
17746
17750
17756
17757
17759
17762
17763
17765
17774
17775
17779
17783
17788
17789
17790
17800
17801
17805
17806
17818
17818
17819
17828
17829
17832
17836
17840
17842
17843
17844
17848
17849
17853
17854
17861
17862
17864
17874
17877
17877
17878
17883
17887
17890
17890
17891
17895
17899
17899
17900
17903
17908
17913
17915
17915
17918
17923
17926
17934
17935
17936
17944
17946
17946
17948
17950
17957
17958
17960
17965
17969
17972
17972
17979
17985
17988
17989
17992
17992
17993
17996
17997
17997
18000
18005
18006
18007
18011
18032
18035
18037
18038
18042
18047
18047
18051
18051
18058
18059
18064
18066
18068
18071
18074
18077
18081
18084
18092
18093
18093
18099
18100
18102
18104
18107
18113
18117
18118
18121
18123
18127
18135
18138
18142
18144
18151
18151
18153
18154
18161
18164
18165
18170
18177
18179
18180
18182
18183
18183
18186
18192
18201
18202
18203
18205
18217
18218
18225
18232
18238
18238
18243
18244
18245
18246
18248
18248
18253
18253
18255
18261
18264
18266
18267
18274
18275
18278
18278
18280
18281
18281
18281
18288
18290
18296
18299
18301
18302
18302
18304
18308
18308
18313
18321
18326
18335
18336
18336
18354
18355
18356
18364
18366
18370
18372
18374
18379
18385
18388
18389
18391
18397
18398
18399
18399
18401
18409
18422
18424
18427
18430
18437
18447
18451
18452
18456
18468
18473
18479
18480
18481
18484
18490
18491
18493
18496
18507
18509
18512
18515
18515
18521
18521
18522
18524
18525
18526
18532
18534
18541
18542
18544
18551
18555
18555
18555
18556
18558
18561
18567
18568
18570
18570
18571
18574
18578
18587
18591
18591
18591
18594
18598
18602
18603
18614
18619
18625
18627
18629
18629
18631
18635
18643
18645
18651
18660
18660
18664
18667
18669
18673
18677
18682
18684
18688
18689
18691
18695
18699
18703
18704
18704
18710
18714
18715
18716
18719
18720
18724
18730
18731
18734
18736
18739
18741
18741
18744
18745
18746
18750
18752
18752
18753
18760
18763
18765
18775
18781
18785
18785
18788
18788
18789
18791
18797
18799
18800
18800
18809
18813
18815
18817
18817
18821
18828
18833
18836
18841
18843
18845
18847
18850
18851
18854
18854
18856
18856
18862
18864
18864
18868
18871
18872
18872
18879
18882
18884
18891
18896
18896
18897
18898
18904
18906
18912
18913
18913
18932
18935
18937
18937
18943
18943
18944
18947
18954
18960
18960
18961
18961
18988
18992
18992
18997
18998
19002
19002
19002
19006
19011
19014
19020
19033
19035
19035
19037
19038
19040
19040
19041
19043
19050
19056
19060
19063
19066
19069
19071
19071
19072
19072
19078
19081
19081
19083
19092
19096
19098
19104
19104
19108
19110
19124
19126
19129
19132
19136
19140
19142
19144
19146
19147
19150
19161
19174
19174
19176
19188
19190
19199
19206
19208
19219
19223
19224
19225
19236
19246
19248
19255
19258
19261
19268
19268
19269
19269
19271
19272
19277
19277
19282
19282
19290
19290
19291
19292
19292
19294
19294
19296
19300
19303
19316
19317
19318
19318
19326
19327
19333
19340
19341
19345
19345
19348
19348
19348
19349
19357
19364
19364
19365
19365
19378
19379
19383
19384
19391
19394
19394
19396
19403
19405
19406
19418
19421
19421
19422
19423
19425
19429
19434
19434
19442
19443
19448
19448
19456
19470
19470
19473
19476
19486
19488
19491
19492
19494
19495
19495
19496
19504
19504
19509
19515
19517
19517
19521
19525
19528
19533
19534
19539
19542
19546
19547
19548
19548
19551
19553
19555
19557
19562
19562
19562
19564
19564
19566
19573
19577
19580
19581
19583
19584
19586
19586
19587
19588
19590
19601
19603
19614
19615
19617
19618
19618
19623
19632
19634
19640
19648
19650
19652
19662
19663
19668
19669
19670
19675
19680
19682
19685
19690
19697
19697
19705
19707
19708
19711
19714
19716
19719
19722
19726
19731
19732
19732
19737
19741
19746
19747
19750
19752
19756
19763
19765
19772
19773
19776
19783
19784
19791
19792
19793
19795
19796
19798
19803
19807
19813
19815
19823
19825
19827
19828
19828
19840
19841
19850
19851
19858
19861
19862
19869
19873
19877
19880
19882
19889
19890
19893
19894
19896
19904
19905
19907
19911
19915
19915
19922
19926
19933
19934
19939
19945
19945
19948
19948
19951
19952
19953
19956
19961
19962
19971
19972
19975
19975
19985
19999
20008
20013
20013
20015
20019
20020
20022
20023
20024
20025
20026
20027
20031
20031
20032
20033
20036
20038
20039
20041
20057
20057
20062
20063
20065
20069
20077
20079
20081
20081
20084
20093
20093
20097
20098
20101
20101
20104
20106
20109
20111
20115
20121
20130
20132
20135
20141
20142
20143
20144
20145
20146
20148
20159
20166
20167
20180
20180
20181
20188
20189
20193
20196
20199
20201
20205
20207
20208
20209
20209
20215
20217
20219
20220
20227
20228
20229
20230
20235
20236
20237
20237
20240
20242
20248
20249
20254
20256
20257
20277
20280
20283
20286
20290
20298
20300
20306
20313
20315
20316
20317
20326
20327
20331
20340
20342
20342
20343
20349
20350
20363
20364
20368
20369
20370
20372
20374
20375
20375
20377
20378
20383
20385
20388
20388
20389
20406
20415
20424
20429
20429
20441
20445
20446
20448
20450
20451
20456
20466
20467
20468
20469
20470
20472
20472
20474
20474
20476
20490
20497
20498
20505
20509
20513
20515
20515
20516
20518
20520
20522
20525
20527
20534
20549
20551
20554
20557
20560
20560
20574
20581
20584
20586
20587
20590
20591
20593
20593
20602
20603
20603
20604
20607
20619
20620
20626
20634
20638
20641
20651
20652
20656
20671
20675
20678
20680
20694
20694
20697
20708
20711
20712
20712
20712
20718
20721
20722
20723
20727
20727
20729
20732
20734
20737
20739
20742
20742
20743
20747
20747
20755
20755
20759
20759
20764
20767
20769
20771
20774
20776
20778
20780
20780
20782
20786
20786
20789
20795
20796
20799
20810
20810
20811
20816
20819
20822
20825
20826
20826
20829
20842
20845
20848
20849
20855
20866
20867
20868
20873
20874
20876
20887
20888
20888
20892
20894
20895
20903
20908
20909
20912
20917
20918
20919
20921
20922
20925
20925
20931
20931
20937
20939
20942
20949
20950
20952
20955
20957
20963
20964
20965
20968
20968
20968
20969
20976
20976
20978
20979
20979
20986
20991
20995
20997
21000
21003
21009
21009
21015
21016
21019
21023
21027
21047
21047
21052
21057
21057
21063
21065
21070
21071
21072
21072
21072
21075
21079
21081
21083
21086
21087
21087
21090
21099
21101
21112
21114
21119
21120
21121
21122
21126
21127
21129
21136
21142
21144
21145
21147
21151
21151
21153
21153
21153
21158
21158
21164
21169
21172
21173
21173
21178
21184
21186
21189
21192
21195
21195
21198
21199
21199
21204
21205
21207
21210
21212
21212
21214
21215
21217
21229
21231
21231
21235
21236
21238
21243
21245
21248
21256
21258
21259
21261
21265
21265
21266
21268
21268
21270
21271
21272
21273
21278
21282
21282
21287
21292
21294
21296
21301
21305
21315
21325
21327
21330
21339
21342
21344
21353
21359
21365
21367
21368
21368
21369
21371
21376
21385
21386
21389
21390
21391
21392
21393
21395
21397
21400
21400
21401
21403
21409
21420
21424
21424
21430
21437
21438
21440
21445
21446
21448
21456
21456
21468
21472
21474
21474
21474
21479
21482
21483
21488
21495
21495
21495
21496
21500
21503
21505
21507
21511
21514
21515
21516
21518
21521
21521
21529
21534
21540
21544
21550
21550
21550
21555
21559
21565
21568
21576
21580
21580
21584
21590
21592
21592
21593
21596
21604
21604
21606
21616
21619
21622
21622
21622
21627
21628
21638
21643
21651
21662
21663
21672
21685
21687
21689
21692
21695
21696
21698
21700
21703
21704
21704
21707
21715
21720
21723
21724
21726
21727
21739
21741
21741
21743
21745
21748
21750
21751
21753
21758
21760
21764
21771
21781
21789
21793
21794
21800
21802
21812
21818
21819
21819
21820
21834
21838
21842
21843
21845
21847
21847
21850
21851
21852
21855
21856
21869
21871
21874
21880
21889
21893
21894
21897
21898
21904
21906
21908
21910
21911
21914
21921
21928
21929
21929
21930
21933
21933
21936
21944
21946
21947
21950
21953
21954
21954
21958
21958
21958
21959
21965
21969
21974
21978
21979
21984
21990
21993
21994
21995
21996
21997
21999
22002
22005
22014
22016
22019
22020
22023
22025
22025
22025
22036
22043
22065
22072
22072
22075
22077
22078
22082
22082
22083
22083
22085
22089
22094
22097
22105
22107
22111
22112
22112
22113
22115
22121
22124
22124
22127
22129
22132
22139
22141
22144
22146
22153
22156
22161
22168
22168
22170
22172
22176
22177
22177
22186
22187
22187
22190
22192
22193
22194
22198
22199
22202
22214
22218
22224
22226
22227
22227
22231
22235
22241
22241
22243
22247
22247
22252
22256
22258
22264
22268
22269
22270
22272
22273
22282
22286
22286
22289
22294
22295
22296
22302
22306
22308
22309
22309
22312
22316
22318
22319
22326
22326
22330
22331
22333
22334
22334
22335
22339
22340
22342
22342
22345
22352
22354
22357
22362
22363
22365
22366
22366
22367
22368
22370
22376
22378
22382
22383
22384
22384
22388
22389
22393
22426
22427
22428
22428
22432
22433
22433
22435
22439
22440
22443
22443
22443
22444
22445
22462
22464
22467
22468
22478
22479
22490
22494
22500
22502
22504
22505
22506
22515
22519
22521
22523
22523
22524
22530
22536
22536
22539
22541
22543
22546
22547
22548
22549
22552
22552
22557
22558
22570
22574
22577
22577
22588
22590
22593
22595
22596
22596
22610
22611
22616
22625
22625
22639
22641
22648
22648
22650
22653
22657
22662
22663
22675
22675
22678
22686
22691
22692
22693
22695
22696
22704
22706
22709
22713
22713
22715
22724
22727
22733
22736
22738
22739
22739
22739
22741
22745
22758
22761
22764
22772
22776
22777
22780
22780
22781
22783
22789
22789
22795
22797
22797
22800
22805
22806
22808
22810
22812
22815
22815
22819
22822
22823
22824
22825
22829
22830
22832
22834
22834
22834
22852
22853
22855
22864
22870
22872
22875
22876
22878
22880
22883
22885
22895
22895
22899
22902
22906
22908
22909
22909
22920
22921
22921
22923
22926
22928
22929
22930
22930
22930
22930
22940
22940
22941
22942
22944
22945
22946
22947
22950
22952
22957
22958
22961
22961
22967
22970
22977
22980
22987
22988
22991
22996
22996
22996
22998
22999
23000
23009
23009
23010
23013
23016
23017
23026
23027
23029
23029
23031
23033
23039
23040
23041
23041
23042
23047
23053
23055
23055
23055
23056
23069
23071
23081
23082
23088
23089
23090
23093
23100
23100
23103
23120
23122
23130
23143
23147
23147
23148
23150
23153
23153
23157
23163
23167
23168
23170
23172
23174
23176
23177
23177
23178
23184
23184
23190
23200
23201
23201
23202
23205
23206
23210
23216
23217
23217
23218
23220
23237
23241
23243
23243
23244
23251
23257
23260
23261
23262
23266
23268
23273
23274
23285
23286
23288
23290
23300
23304
23305
23311
23312
23313
23315
23316
23316
23324
23329
23334
23338
23339
23340
23343
23347
23349
23352
23353
23366
23369
23372
23374
23375
23377
23380
23381
23382
23397
23401
23402
23402
23406
23408
23414
23416
23417
23418
23419
23424
23425
23436
23436
23441
23442
23445
23445
23448
23449
23455
23459
23460
23465
23467
23469
23474
23477
23478
23478
23479
23483
23486
23497
23498
23504
23504
23508
23508
23509
23510
23511
23524
23524
23530
23535
23537
23539
23542
23545
23546
23549
23559
23567
23569
23569
23571
23572
23573
23577
23578
23580
23581
23583
23583
23593
23594
23594
23605
23611
23639
23644
23646
23649
23652
23659
23660
23661
23664
23668
23670
23670
23676
23682
23685
23686
23699
23704
23705
23708
23710
23712
23716
23725
23726
23733
23739
23740
23742
23752
23753
23764
23768
23770
23772
23779
23783
23790
23791
23791
23792
23794
23797
23797
23798
23805
23813
23816
23816
23821
23822
23824
23825
23826
23828
23829
23830
23830
23832
23839
23843
23844
23847
23853
23857
23857
23858
23866
23868
23871
23871
23871
23872
23872
23875
23889
23890
23891
23892
23893
23899
23900
23901
23901
23913
23915
23918
23921
23931
23931
23934
23938
23940
23945
23945
23951
23951
23958
23959
23960
23962
23967
23968
23969
23972
23974
23975
23980
23998
23999
24000
24007
24012
24013
24014
24015
24017
24018
24021
24023
24024
24026
24029
24029
24032
24033
24037
24040
24043
24051
24055
24060
24077
24078
24080
24080
24081
24083
24083
24084
24084
24085
24087
24088
24109
24110
24113
24115
24118
24122
24131
24134
24135
24142
24146
24151
24159
24162
24167
24169
24169
24175
24180
24180
24187
24187
24187
24190
24192
24193
24195
24201
24204
24205
24210
24214
24216
24216
24217
24218
24218
24219
24219
24220
24223
24230
24237
24237
24240
24242
24252
24254
24256
24256
24264
24266
24267
24271
24271
24274
24278
24280
24282
24283
24287
24288
24291
24293
24300
24300
24301
24304
24311
24318
24320
24328
24329
24330
24335
24335
24338
24342
24343
24344
24346
24354
24360
24361
24361
24371
24373
24378
24378
24382
24383
24387
24388
24392
24396
24400
24402
24403
24404
24408
24420
24420
24424
24427
24429
24429
24430
24439
24445
24447
24454
24454
24458
24459
24468
24469
24472
24476
24477
24478
24480
24481
24486
24491
24493
24494
24505
24508
24509
24510
24510
24515
24516
24518
24522
24522
24526
24528
24533
24533
24534
24535
24538
24546
24550
24561
24562
24563
24568
24568
24569
24570
24570
24570
24573
24574
24578
24580
24583
24584
24588
24591
24593
24594
24600
24602
24603
24607
24611
24613
24615
24620
24620
24621
24623
24628
24630
24631
24635
24637
24637
24642
24645
24649
24650
24657
24661
24663
24670
24676
24676
24676
24678
24692
24695
24696
24699
24701
24703
24706
24713
24713
24713
24714
24715
24716
24716
24717
24720
24722
24724
24724
24732
24732
24742
24747
24748
24750
24758
24765
24765
24767
24769
24774
24774
24775
24776
24779
24779
24780
24780
24786
24801
24806
24809
24811
24816
24819
24819
24825
24825
24826
24833
24834
24835
24839
24846
24846
24850
24850
24853
24853
24855
24857
24857
24865
24866
24868
24869
24870
24879
24886
24889
24893
24893
24901
24904
24906
24907
24908
24920
24921
24923
24926
24931
24943
24944
24945
24952
24953
24953
24959
24964
24964
24966
24967
24975
24980
24981
24983
24985
24989
24990
24996
24999
25004
25008
25009
25017
25021
25025
25025
25026
25026
25031
25031
25039
25041
25043
25045
25045
25048
25066
25076
25084
25085
25087
25093
25097
25098
25098
25099
25105
25108
25110
25110
25112
25114
25117
25117
25120
25125
25127
25130
25132
25133
25134
25143
25143
25143
25148
25154
25155
25158
25160
25160
25165
25174
25174
25176
25180
25189
25189
25190
25191
25196
25203
25204
25206
25206
25209
25213
25216
25217
25218
25219
25226
25229
25229
25232
25238
25238
25245
25249
25250
25253
25253
25260
25263
25263
25264
25265
25270
25271
25276
25280
25289
25299
25303
25303
25303
25310
25332
25335
25340
25347
25348
25349
25351
25358
25361
25361
25364
25367
25375
25375
25376
25387
25388
25389
25389
25392
25394
25397
25397
25398
25402
25402
25403
25414
25414
25415
25432
25432
25432
25439
25439
25440
25447
25457
25461
25466
25478
25478
25479
25480
25481
25481
25484
25486
25487
25488
25500
25502
25505
25506
25506
25510
25511
25511
25513
25526
25529
25532
25533
25546
25547
25548
25549
25550
25557
25557
25558
25559
25559
25561
25562
25566
25569
25574
25577
25579
25582
25589
25589
25594
25601
25604
25607
25613
25614
25617
25618
25624
25624
25628
25637
25639
25644
25645
25652
25654
25655
25657
25659
25665
25665
25669
25670
25672
25674
25677
25682
25682
25683
25684
25684
25691
25698
25700
25700
25700
25703
25704
25718
25718
25720
25720
25720
25730
25731
25740
25741
25741
25741
25742
25750
25751
25756
25756
25766
25766
25767
25770
25771
25777
25778
25780
25784
25785
25787
25791
25793
25798
25802
25807
25813
25816
25816
25820
25823
25823
25830
25832
25840
25843
25844
25846
25848
25850
25855
25859
25865
25865
25872
25873
25875
25881
25882
25883
25886
25889
25890
25896
25897
25899
25905
25907
25908
25914
25915
25915
25924
25925
25931
25936
25938
25940
25941
25942
25944
25946
25947
25958
25961
25964
25965
25970
25971
25972
25973
25975
25976
25983
25987
25987
25988
25992
25993
25994
25994
25996
26000
26000
26005
26005
26009
26012
26014
26020
26022
26025
26027
26030
26032
26036
26040
26043
26043
26044
26046
26050
26063
26069
26072
26073
26078
26078
26079
26080
26083
26083
26088
26090
26104
26105
26106
26108
26110
26113
26117
26117
26121
26126
26138
26141
26141
26141
26143
26145
26147
26148
26149
26150
26154
26155
26158
26166
26171
26174
26177
26182
26182
26185
26190
26192
26192
26200
26201
26202
26203
26211
26217
26219
26220
26221
26221
26225
26228
26229
26237
26246
26248
26249
26253
26264
26265
26270
26275
26285
26296
26300
26300
26309
26310
26311
26315
26319
26330
26331
26331
26340
26341
26351
26363
26363
26370
26371
26375
26377
26378
26382
26383
26389
26393
26396
26400
26401
26413
26422
26440
26442
26446
26448
26452
26464
26467
26467
26475
26476
26477
26479
26480
26483
26485
26490
26490
26491
26491
26491
26499
26499
26511
26518
26521
26524
26524
26525
26525
26529
26532
26539
26540
26541
26542
26551
26551
26552
26556
26557
26558
26561
26561
26561
26562
26570
26570
26573
26575
26576
26579
26586
26597
26601
26603
26605
26605
26617
26619
26621
26626
26627
26631
26637
26649
26650
26653
26655
26657
26658
26660
26661
26665
26665
26666
26681
26684
26685
26686
26689
26690
26695
26699
26706
26707
26717
26718
26721
26724
26724
26726
26730
26730
26736
26740
26746
26747
26754
26758
26759
26761
26763
26771
26773
26774
26775
26777
26790
26793
26796
26796
26799
26802
26808
26811
26812
26818
26820
26821
26828
26835
26836
26839
26840
26843
26844
26847
26850
26853
26862
26873
26875
26877
26877
26877
26878
26880
26886
26890
26891
26891
26893
26893
26894
26894
26897
26903
26906
26909
26918
26918
26919
26920
26924
26925
26931
26936
26936
26938
26940
26942
26944
26945
26945
26946
26947
26948
26950
26954
26967
26969
26970
26973
26973
26983
26983
26989
26989
26991
26993
26993
26995
26997
26999
26999
27000
27002
27003
27008
27010
27011
27021
27023
27026
27027
27034
27039
27042
27042
27043
27047
27048
27051
27055
27056
27059
27060
27063
27064
27069
27071
27072
27082
27088
27089
27092
27094
27097
27105
27107
27109
27115
27121
27126
27126
27126
27133
27136
27142
27145
27152
27162
27163
27169
27172
27174
27174
27175
27179
27180
27182
27191
27195
27196
27200
27202
27202
27203
27207
27213
27214
27215
27218
27219
27220
27220
27223
27224
27225
27226
27231
27232
27239
27239
27240
27241
27243
27244
27244
27253
27255
27257
27264
27268
27269
27272
27274
27274
27275
27275
27275
27292
27293
27301
27302
27306
27306
27307
27310
27320
27322
27323
27323
27324
27328
27333
27346
27351
27362
27363
27366
27367
27373
27373
27376
27380
27381
27382
27384
27387
27391
27392
27392
27393
27400
27405
27412
27414
27415
27426
27427
27429
27429
27430
27433
27436
27438
27439
27439
27441
27449
27452
27457
27457
27469
27470
27471
27472
27478
27484
27486
27486
27492
27495
27503
27503
27505
27505
27506
27509
27513
27515
27516
27516
27524
27533
27535
27536
27549
27569
27572
27574
27578
27579
27581
27583
27596
27596
27601
27612
27618
27618
27624
27626
27629
27632
27632
27638
27641
27647
27647
27650
27651
27651
27656
27657
27658
27659
27661
27664
27664
27667
27671
27674
27675
27679
27680
27685
27687
27693
27697
27698
27702
27704
27707
27712
27717
27718
27723
27726
27726
27732
27732
27734
27740
27744
27745
27746
27747
27749
27753
27760
27762
27765
27767
27768
27768
27772
27772
27772
27773
27776
27776
27778
27779
27790
27791
27802
27803
27805
27807
27807
27809
27811
27811
27816
27817
27832
27835
27835
27842
27844
27850
27861
27862
27867
27867
27870
27872
27873
27873
27880
27880
27882
27884
27885
27894
27895
27896
27901
27902
27906
27907
27909
27912
27921
27928
27929
27930
27940
27941
27944
27963
27964
27967
27968
27972
27976
27980
27980
27984
27984
27984
27986
27995
27999
27999
28005
28010
28014
28019
28020
28023
28026
28026
28029
28032
28037
28046
28048
28051
28065
28065
28066
28066
28071
28074
28075
28080
28084
28089
28091
28092
28095
28098
28100
28100
28100
28100
28103
28103
28107
28112
28113
28115
28117
28127
28137
28138
28141
28141
28142
28144
28145
28146
28153
28157
28158
28159
28164
28165
28170
28175
28175
28177
28177
28181
28184
28192
28192
28194
28202
28205
28206
28209
28213
28213
28214
28220
28224
28226
28227
28229
28229
28234
28240
28240
28242
28243
28245
28248
28253
28253
28256
28264
28264
28266
28271
28271
28285
28285
28285
28287
28297
28297
28305
28313
28314
28319
28321
28322
28330
28331
28331
28333
28340
28340
28342
28344
28349
28349
28349
28356
28359
28366
28375
28376
28378
28378
28382
28384
28395
28399
28402
28407
28412
28412
28414
28414
28417
28429
28434
28437
28438
28439
28441
28443
28447
28455
28455
28457
28464
28467
28468
28469
28474
28474
28478
28478
28490
28492
28493
28499
28503
28507
28509
28510
28511
28515
28516
28518
28519
28523
28525
28526
28528
28536
28548
28548
28550
28553
28556
28556
28560
28561
28567
28569
28570
28581
28584
28588
28589
28591
28596
28597
28601
28604
28610
28611
28617
28619
28622
28628
28634
28642
28642
28645
28647
28648
28657
28658
28662
28674
28689
28693
28693
28700
28702
28705
28707
28712
28712
28714
28719
28723
28724
28726
28733
28743
28744
28750
28751
28759
28762
28767
28774
28774
28778
28782
28785
28789
28789
28789
28793
28797
28797
28799
28801
28804
28806
28807
28812
28813
28815
28816
28818
28830
28832
28834
28834
28838
28850
28853
28858
28861
28862
28871
28871
28876
28882
28891
28894
28900
28907
28913
28915
28917
28917
28918
28919
28926
28927
28931
28935
28941
28942
28943
28948
28948
28953
28954
28960
28960
28961
28962
28963
28964
28971
28974
28975
28979
28982
28995
29002
29005
29007
29008
29009
29010
29014
29014
29017
29023
29024
29029
29031
29037
29037
29042
29044
29046
29047
29047
29048
29048
29059
29066
29067
29072
29076
29078
29080
29089
29094
29096
29096
29098
29099
29101
29105
29111
29114
29115
29119
29122
29123
29133
29134
29138
29143
29145
29148
29153
29153
29154
29156
29166
29169
29170
29173
29177
29177
29178
29187
29189
29193
29195
29196
29196
29197
29198
29198
29200
29201
29207
29209
29210
29210
29217
29217
29221
29226
29233
29233
29235
29237
29239
29242
29245
29246
29251
29255
29255
29256
29257
29259
29265
29265
29267
29281
29287
29289
29294
29297
29302
29302
29303
29303
29306
29309
29310
29314
29314
29315
29320
29326
29330
29333
29337
29339
29341
29341
29342
29343
29344
29347
29356
29359
29361
29362
29363
29365
29368
29374
29375
29378
29378
29379
29380
29384
29384
29395
29398
29404
29409
29410
29415
29422
29427
29429
29429
29431
29437
29440
29440
29442
29445
29451
29454
29460
29461
29463
29465
29467
29467
29471
29472
29476
29482
29489
29492
29500
29502
29504
29516
29516
29517
29519
29519
29520
29522
29525
29527
29527
29532
29532
29538
29545
29548
29551
29551
29552
29555
29556
29557
29577
29581
29581
29582
29606
29611
29611
29619
29621
29622
29623
29624
29628
29631
29632
29648
29653
29655
29656
29658
29659
29664
29670
29675
29675
29678
29681
29681
29682
29687
29690
29695
29700
29700
29703
29704
29715
29719
29720
29723
29729
29731
29734
29736
29737
29738
29743
29746
29748
29752
29752
29760
29765
29767
29776
29778
29779
29779
29786
29791
29793
29794
29796
29797
29798
29803
29804
29805
29810
29813
29818
29823
29823
29824
29825
29827
29828
29830
29832
29844
29846
29846
29852
29858
29861
29861
29862
29863
29865
29870
29879
29885
29886
29889
29889
29893
29900
29909
29914
29915
29918
29923
29923
29924
29924
29929
29931
29934
29936
29937
29942
29942
29948
29953
29959
29963
29964
29967
29969
29969
29975
29980
29983
29985
29990
29990
29993
29994
29995
29995
29995
29997
30001
30005
30008
30008
30011
30013
30013
30016
30017
30024
30025
30030
30035
30035
30046
30053
30053
30054
30058
30059
30062
30064
30072
30076
30077
30078
30080
30086
30087
30093
30095
30098
30101
30104
30108
30110
30111
30111
30116
30122
30125
30130
30132
30134
30136
30137
30138
30148
30158
30159
30161
30161
30167
30169
30170
30172
30191
30198
30198
30198
30204
30214
30217
30220
30221
30224
30231
30231
30238
30240
30250
30255
30258
30259
30263
30271
30274
30283
30285
30288
30289
30289
30291
30296
30297
30300
30306
30307
30308
30314
30316
30318
30319
30324
30335
30337
30339
30340
30346
30347
30351
30355
30356
30357
30361
30364
30364
30374
30383
30384
30385
30386
30387
30397
30397
30400
30401
30408
30414
30421
30426
30433
30435
30439
30439
30442
30444
30444
30445
30448
30452
30455
30455
30456
30458
30464
30473
30474
30476
30477
30480
30483
30484
30487
30487
30488
30488
30495
30500
30507
30511
30525
30525
30528
30528
30529
30530
30534
30536
30537
30539
30545
30547
30554
30557
30559
30561
30565
30566
30568
30570
30576
30578
30590
30591
30592
30597
30597
30598
30600
30600
30601
30608
30609
30611
30614
30616
30617
30619
30620
30620
30621
30621
30633
30640
30640
30641
30647
30647
30649
30651
30651
30653
30654
30656
30659
30667
30670
30671
30678
30682
30683
30686
30687
30687
30692
30698
30701
30705
30708
30713
30713
30715
30718
30720
30720
30720
30725
30730
30731
30733
30733
30737
30738
30741
30744
30745
30746
30757
30759
30760
30760
30763
30771
30782
30782
30783
30783
30784
30784
30785
30789
30797
30799
30804
30805
30809
30812
30817
30817
30819
30824
30831
30833
30840
30847
30848
30851
30855
30856
30856
30859
30860
30860
30863
30873
30877
30877
30888
30896
30900
30901
30902
30903
30905
30911
30913
30915
30921
30922
30922
30925
30938
30940
30944
30944
30945
30946
30948
30948
30950
30955
30958
30960
30961
30963
30965
30968
30968
30969
30970
30975
30976
30977
30979
30979
30980
30981
30983
30984
30990
30991
30994
30996
30998
31016
31018
31019
31020
31020
31022
31023
31024
31024
31028
31031
31036
31038
31040
31044
31047
31059
31064
31066
31067
31069
31070
31073
31076
31077
31079
31086
31093
31093
31093
31103
31103
31107
31113
31114
31123
31124
31128
31130
31135
31136
31140
31142
31143
31146
31147
31150
31153
31153
31158
31162
31164
31164
31167
31180
31181
31185
31185
31186
31190
31191
31193
31193
31197
31198
31200
31206
31215
31228
31231
31236
31245
31246
31248
31255
31255
31258
31260
31260
31264
31265
31266
31268
31271
31284
31287
31290
31291
31293
31301
31303
31304
31308
31308
31316
31319
31319
31320
31321
31324
31324
31324
31329
31337
31341
31341
31343
31344
31346
31353
31358
31361
31363
31366
31370
31377
31379
31380
31390
31391
31393
31395
31395
31396
31398
31406
31411
31412
31421
31421
31424
31429
31439
31445
31449
31452
31455
31458
31459
31461
31461
31463
31467
31473
31474
31475
31480
31480
31481
31483
31486
31487
31493
31495
31497
31498
31498
31511
31515
31515
31523
31535
31544
31546
31548
31550
31554
31554
31556
31558
31561
31564
31566
31566
31568
31568
31571
31573
31575
31575
31578
31580
31585
31589
31592
31592
31593
31594
31594
31596
31603
31604
31616
31618
31622
31623
31631
31633
31635
31636
31645
31645
31649
31651
31659
31660
31661
31664
31669
31670
31676
31678
31680
31688
31691
31692
31693
31694
31711
31713
31718
31720
31720
31727
31731
31735
31736
31739
31747
31748
31748
31750
31751
31758
31758
31760
31773
31777
31778
31782
31783
31785
31787
31794
31799
31800
31800
31801
31802
31807
31812
31816
31822
31830
31834
31838
31838
31841
31845
31846
31848
31854
31862
31866
31868
31868
31871
31873
31874
31881
31887
31888
31894
31896
31896
31904
31910
31914
31915
31916
31917
31921
31928
31933
31936
31944
31959
31960
31965
31965
31972
31974
31975
31980
31981
31986
31993
32000
32002
32002
32004
32004
32016
32021
32021
32026
32033
32038
32039
32039
32047
32058
32059
32062
32063
32064
32064
32067
32068
32088
32088
32093
32099
32103
32104
32106
32107
32109
32113
32120
32123
32128
32141
32144
32146
32146
32150
32156
32159
32159
32159
32166
32168
32176
32182
32187
32189
32203
32211
32212
32212
32217
32221
32222
32223
32225
32228
32228
32228
32230
32233
32235
32236
32239
32239
32244
32248
32252
32256
32256
32257
32260
32264
32264
32267
32277
32282
32282
32284
32291
32293
32297
32301
32301
32303
32305
32312
32313
32314
32316
32331
32333
32333
32337
32337
32348
32357
32362
32363
32365
32366
32367
32368
32368
32373
32373
32376
32376
32387
32390
32392
32393
32393
32407
32407
32408
32418
32428
32429
32431
32432
32436
32439
32441
32445
32446
32447
32449
32449
32450
32451
32452
32453
32455
32461
32466
32468
32469
32481
32484
32485
32486
32490
32491
32496
32498
32502
32504
32508
32508
32511
32512
32517
32525
32532
32538
32540
32542
32543
32546
32553
32556
32556
32560
32561
32561
32561
32563
32564
32567
32569
32572
32574
32576
32580
32590
32591
32592
32594
32602
32606
32609
32612
32618
32625
32625
32627
32630
32631
32639
32645
32646
32646
32647
32650
32651
32655
32658
32661
32662
32663
32667
32674
32678
32678
32683
32685
32688
32689
32697
32699
32702
32704
32705
32705
32706
32707
32709
32717
32717
32720
32721
32727
32727
32736
32736
32745
32748
32751
32751
32753
32755
